pod,namespace,timestamp,value
oakestra-controller-manager-d74f6ddf5-8r5dx,oakestra-controller-manager,1716830693.814,0.002442945925278585
oakestra-controller-manager-d74f6ddf5-8r5dx,oakestra-controller-manager,1716830694.814,0.002442945925278585
oakestra-controller-manager-d74f6ddf5-8r5dx,oakestra-controller-manager,1716830695.814,0.0024429459252785844
oakestra-controller-manager-d74f6ddf5-8r5dx,oakestra-controller-manager,1716830696.814,0.0024429459252785844
oakestra-controller-manager-d74f6ddf5-8r5dx,oakestra-controller-manager,1716830697.814,0.0024429459252785844
oakestra-controller-manager-d74f6ddf5-8r5dx,oakestra-controller-manager,1716830698.814,0.0024429459252785844
oakestra-controller-manager-d74f6ddf5-8r5dx,oakestra-controller-manager,1716830699.814,0.0024429459252785844
oakestra-controller-manager-d74f6ddf5-8r5dx,oakestra-controller-manager,1716830700.814,0.0024429459252785844
oakestra-controller-manager-d74f6ddf5-8r5dx,oakestra-controller-manager,1716830701.814,0.002442945925278584
oakestra-controller-manager-d74f6ddf5-8r5dx,oakestra-controller-manager,1716830702.814,0.0023967531400586424
oakestra-controller-manager-d74f6ddf5-8r5dx,oakestra-controller-manager,1716830703.814,0.0023967531400586424
oakestra-controller-manager-d74f6ddf5-8r5dx,oakestra-controller-manager,1716830704.814,0.0023967531400586424
oakestra-controller-manager-d74f6ddf5-8r5dx,oakestra-controller-manager,1716830705.814,0.0023967531400586424
oakestra-controller-manager-d74f6ddf5-8r5dx,oakestra-controller-manager,1716830706.814,0.0023967531400586424
oakestra-controller-manager-d74f6ddf5-8r5dx,oakestra-controller-manager,1716830707.814,0.0023967531400586424
oakestra-controller-manager-d74f6ddf5-8r5dx,oakestra-controller-manager,1716830708.814,0.0023967531400586424
oakestra-controller-manager-d74f6ddf5-8r5dx,oakestra-controller-manager,1716830709.814,0.0023967531400586424
oakestra-controller-manager-d74f6ddf5-8r5dx,oakestra-controller-manager,1716830710.814,0.0023967531400586424
oakestra-controller-manager-d74f6ddf5-8r5dx,oakestra-controller-manager,1716830711.814,0.0023967531400586424
oakestra-controller-manager-d74f6ddf5-8r5dx,oakestra-controller-manager,1716830712.814,0.0023967531400586424
oakestra-controller-manager-d74f6ddf5-8r5dx,oakestra-controller-manager,1716830713.814,0.002290317710873945
oakestra-controller-manager-d74f6ddf5-8r5dx,oakestra-controller-manager,1716830714.814,0.002580215063423933
oakestra-controller-manager-d74f6ddf5-8r5dx,oakestra-controller-manager,1716830715.814,0.0022928061116911703
oakestra-controller-manager-d74f6ddf5-8r5dx,oakestra-controller-manager,1716830716.814,0.0029542323356182495
oakestra-controller-manager-d74f6ddf5-8r5dx,oakestra-controller-manager,1716830717.814,0.002772591889714633
oakestra-controller-manager-d74f6ddf5-8r5dx,oakestra-controller-manager,1716830718.814,0.0031346135059609724
oakestra-controller-manager-d74f6ddf5-8r5dx,oakestra-controller-manager,1716830719.814,0.0036204843044056827
oakestra-controller-manager-d74f6ddf5-8r5dx,oakestra-controller-manager,1716830720.814,0.0036204843044056827
oakestra-controller-manager-d74f6ddf5-8r5dx,oakestra-controller-manager,1716830721.814,0.0036204843044056827
oakestra-controller-manager-d74f6ddf5-8r5dx,oakestra-controller-manager,1716830722.814,0.0036204843044056827
oakestra-controller-manager-d74f6ddf5-8r5dx,oakestra-controller-manager,1716830723.814,0.0036204843044056827
oakestra-controller-manager-d74f6ddf5-8r5dx,oakestra-controller-manager,1716830724.814,0.0036204843044056827
oakestra-controller-manager-d74f6ddf5-8r5dx,oakestra-controller-manager,1716830725.814,0.0036204843044056827
oakestra-controller-manager-d74f6ddf5-8r5dx,oakestra-controller-manager,1716830726.814,0.0036204843044056827
oakestra-controller-manager-d74f6ddf5-8r5dx,oakestra-controller-manager,1716830727.814,0.0036204843044056827
oakestra-controller-manager-d74f6ddf5-8r5dx,oakestra-controller-manager,1716830728.814,0.0036204843044056827
oakestra-controller-manager-d74f6ddf5-8r5dx,oakestra-controller-manager,1716830729.814,0.003623624260326425
oakestra-controller-manager-d74f6ddf5-8r5dx,oakestra-controller-manager,1716830730.814,0.0036232626392368543
oakestra-controller-manager-d74f6ddf5-8r5dx,oakestra-controller-manager,1716830731.814,0.0036229010181472836
oakestra-controller-manager-d74f6ddf5-8r5dx,oakestra-controller-manager,1716830732.814,0.0036225393970577132
oakestra-controller-manager-d74f6ddf5-8r5dx,oakestra-controller-manager,1716830733.814,0.0033856929701161814
oakestra-controller-manager-d74f6ddf5-8r5dx,oakestra-controller-manager,1716830734.814,0.0033853313490266107
oakestra-controller-manager-d74f6ddf5-8r5dx,oakestra-controller-manager,1716830735.814,0.0033984639702638584
oakestra-controller-manager-d74f6ddf5-8r5dx,oakestra-controller-manager,1716830736.814,0.0033984639702638584
oakestra-controller-manager-d74f6ddf5-8r5dx,oakestra-controller-manager,1716830737.814,0.0033984639702638584
oakestra-controller-manager-d74f6ddf5-8r5dx,oakestra-controller-manager,1716830738.814,0.0033984639702638584
oakestra-controller-manager-d74f6ddf5-8r5dx,oakestra-controller-manager,1716830739.814,0.0033984639702638584
oakestra-controller-manager-d74f6ddf5-8r5dx,oakestra-controller-manager,1716830740.814,0.0033984639702638584
oakestra-controller-manager-d74f6ddf5-8r5dx,oakestra-controller-manager,1716830741.814,0.0033984639702638584
oakestra-controller-manager-d74f6ddf5-8r5dx,oakestra-controller-manager,1716830742.814,0.0029071683301967184
oakestra-controller-manager-d74f6ddf5-8r5dx,oakestra-controller-manager,1716830743.814,0.0031590579124875237
oakestra-controller-manager-d74f6ddf5-8r5dx,oakestra-controller-manager,1716830744.814,0.0031590579124875237
oakestra-controller-manager-d74f6ddf5-8r5dx,oakestra-controller-manager,1716830745.814,0.002320240290765242
oakestra-controller-manager-d74f6ddf5-8r5dx,oakestra-controller-manager,1716830746.814,0.002339970795840684
oakestra-controller-manager-d74f6ddf5-8r5dx,oakestra-controller-manager,1716830747.814,0.0021433089736642786
oakestra-controller-manager-d74f6ddf5-8r5dx,oakestra-controller-manager,1716830748.814,0.0021611397939356493
oakestra-controller-manager-d74f6ddf5-8r5dx,oakestra-controller-manager,1716830749.814,0.0021789706142070204
oakestra-controller-manager-d74f6ddf5-8r5dx,oakestra-controller-manager,1716830750.814,0.0021968014344783916
oakestra-controller-manager-d74f6ddf5-8r5dx,oakestra-controller-manager,1716830751.814,0.0022146322547497623
oakestra-controller-manager-d74f6ddf5-8r5dx,oakestra-controller-manager,1716830752.814,0.0020356553962758758
oakestra-controller-manager-d74f6ddf5-8r5dx,oakestra-controller-manager,1716830753.814,0.0020356553962758758
oakestra-controller-manager-d74f6ddf5-8r5dx,oakestra-controller-manager,1716830754.814,0.0020356553962758758
oakestra-controller-manager-d74f6ddf5-8r5dx,oakestra-controller-manager,1716830755.814,0.0020356553962758758
oakestra-controller-manager-d74f6ddf5-8r5dx,oakestra-controller-manager,1716830756.814,0.0020356553962758758
oakestra-controller-manager-d74f6ddf5-8r5dx,oakestra-controller-manager,1716830757.814,0.0020356553962758758
oakestra-controller-manager-d74f6ddf5-8r5dx,oakestra-controller-manager,1716830758.814,0.0022033453455179847
oakestra-controller-manager-d74f6ddf5-8r5dx,oakestra-controller-manager,1716830759.814,0.0021855145252466135
oakestra-controller-manager-d74f6ddf5-8r5dx,oakestra-controller-manager,1716830760.814,0.0021676837049752424
oakestra-controller-manager-d74f6ddf5-8r5dx,oakestra-controller-manager,1716830761.814,0.0021498528847038716
oakestra-controller-manager-d74f6ddf5-8r5dx,oakestra-controller-manager,1716830762.814,0.0021043912412516278
oakestra-controller-manager-d74f6ddf5-8r5dx,oakestra-controller-manager,1716830763.814,0.002105997725110684
oakestra-controller-manager-d74f6ddf5-8r5dx,oakestra-controller-manager,1716830764.814,0.002088166904839313
oakestra-controller-manager-d74f6ddf5-8r5dx,oakestra-controller-manager,1716830765.814,0.002070336084567942
oakestra-controller-manager-d74f6ddf5-8r5dx,oakestra-controller-manager,1716830766.814,0.002052505264296571
oakestra-controller-manager-d74f6ddf5-8r5dx,oakestra-controller-manager,1716830767.814,0.0020346744440252
oakestra-controller-manager-d74f6ddf5-8r5dx,oakestra-controller-manager,1716830768.814,0.002016843623753829
oakestra-controller-manager-d74f6ddf5-8r5dx,oakestra-controller-manager,1716830769.814,0.0019990128034824577
oakestra-controller-manager-d74f6ddf5-8r5dx,oakestra-controller-manager,1716830770.814,0.001981181983211087
oakestra-controller-manager-d74f6ddf5-8r5dx,oakestra-controller-manager,1716830771.814,0.001963351162939716
oakestra-controller-manager-d74f6ddf5-8r5dx,oakestra-controller-manager,1716830772.814,0.002627660531393815
oakestra-controller-manager-d74f6ddf5-8r5dx,oakestra-controller-manager,1716830773.814,0.002627660531393815
oakestra-controller-manager-d74f6ddf5-8r5dx,oakestra-controller-manager,1716830774.814,0.0012180026249654801
oakestra-controller-manager-d74f6ddf5-8r5dx,oakestra-controller-manager,1716830775.814,0.0024514205187905133
oakestra-controller-manager-d74f6ddf5-8r5dx,oakestra-controller-manager,1716830776.814,0.0025066254550997844
oakestra-controller-manager-d74f6ddf5-8r5dx,oakestra-controller-manager,1716830777.814,0.0025066254550997844
oakestra-controller-manager-d74f6ddf5-8r5dx,oakestra-controller-manager,1716830778.814,0.0025066254550997844
oakestra-controller-manager-d74f6ddf5-8r5dx,oakestra-controller-manager,1716830779.814,0.0025066254550997844
oakestra-controller-manager-d74f6ddf5-8r5dx,oakestra-controller-manager,1716830780.814,0.0025066254550997844
oakestra-controller-manager-d74f6ddf5-8r5dx,oakestra-controller-manager,1716830781.814,0.0025066254550997844
oakestra-controller-manager-d74f6ddf5-8r5dx,oakestra-controller-manager,1716830782.814,0.0025066254550997844
oakestra-controller-manager-d74f6ddf5-8r5dx,oakestra-controller-manager,1716830783.814,0.0025066254550997844
oakestra-controller-manager-d74f6ddf5-8r5dx,oakestra-controller-manager,1716830784.814,0.0025066254550997844
oakestra-controller-manager-d74f6ddf5-8r5dx,oakestra-controller-manager,1716830785.814,0.0025066254550997844
oakestra-controller-manager-d74f6ddf5-8r5dx,oakestra-controller-manager,1716830786.814,0.0025066254550997844
oakestra-controller-manager-d74f6ddf5-8r5dx,oakestra-controller-manager,1716830787.814,0.0025066254550997844
oakestra-controller-manager-d74f6ddf5-8r5dx,oakestra-controller-manager,1716830788.814,0.0025066254550997844
oakestra-controller-manager-d74f6ddf5-8r5dx,oakestra-controller-manager,1716830789.814,0.0025066254550997844
oakestra-controller-manager-d74f6ddf5-8r5dx,oakestra-controller-manager,1716830790.814,0.0025066254550997844
oakestra-controller-manager-d74f6ddf5-8r5dx,oakestra-controller-manager,1716830791.814,0.0025066254550997844
oakestra-controller-manager-d74f6ddf5-8r5dx,oakestra-controller-manager,1716830792.814,0.0025066254550997844
oakestra-controller-manager-d74f6ddf5-8r5dx,oakestra-controller-manager,1716830793.814,0.0012528551979554604
oakestra-controller-manager-d74f6ddf5-8r5dx,oakestra-controller-manager,1716830794.814,0.0012472596840289137
oakestra-controller-manager-d74f6ddf5-8r5dx,oakestra-controller-manager,1716830795.814,0.0012334178938250334
oakestra-controller-manager-d74f6ddf5-8r5dx,oakestra-controller-manager,1716830796.814,0.0012334178938250334
oakestra-controller-manager-d74f6ddf5-8r5dx,oakestra-controller-manager,1716830797.814,0.0012334178938250334
oakestra-controller-manager-d74f6ddf5-8r5dx,oakestra-controller-manager,1716830798.814,0.0012334178938250334
oakestra-controller-manager-d74f6ddf5-8r5dx,oakestra-controller-manager,1716830799.814,0.0012334178938250334
oakestra-controller-manager-d74f6ddf5-8r5dx,oakestra-controller-manager,1716830800.814,0.0012334178938250334
oakestra-controller-manager-d74f6ddf5-8r5dx,oakestra-controller-manager,1716830801.814,0.0013610005881742443
oakestra-controller-manager-d74f6ddf5-8r5dx,oakestra-controller-manager,1716830802.814,0.0013610005881742443
oakestra-controller-manager-d74f6ddf5-8r5dx,oakestra-controller-manager,1716830803.814,0.0025193928175646944
oakestra-controller-manager-d74f6ddf5-8r5dx,oakestra-controller-manager,1716830804.814,0.0025447734784233397
oakestra-controller-manager-d74f6ddf5-8r5dx,oakestra-controller-manager,1716830805.814,0.002570154139281985
oakestra-controller-manager-d74f6ddf5-8r5dx,oakestra-controller-manager,1716830806.814,0.00259553480014063
oakestra-controller-manager-d74f6ddf5-8r5dx,oakestra-controller-manager,1716830807.814,0.002999544159688546
oakestra-controller-manager-d74f6ddf5-8r5dx,oakestra-controller-manager,1716830808.814,0.003148246128033612
oakestra-controller-manager-d74f6ddf5-8r5dx,oakestra-controller-manager,1716830809.814,0.003148246128033612
oakestra-controller-manager-d74f6ddf5-8r5dx,oakestra-controller-manager,1716830810.814,0.003148246128033612
oakestra-controller-manager-d74f6ddf5-8r5dx,oakestra-controller-manager,1716830811.814,0.003148246128033612
oakestra-controller-manager-d74f6ddf5-8r5dx,oakestra-controller-manager,1716830812.814,0.003148246128033612
oakestra-controller-manager-d74f6ddf5-8r5dx,oakestra-controller-manager,1716830813.814,0.003148246128033612
oakestra-controller-manager-d74f6ddf5-8r5dx,oakestra-controller-manager,1716830814.814,0.003148246128033612
oakestra-controller-manager-d74f6ddf5-8r5dx,oakestra-controller-manager,1716830815.814,0.003148246128033612
oakestra-controller-manager-d74f6ddf5-8r5dx,oakestra-controller-manager,1716830816.814,0.003148246128033612
oakestra-controller-manager-d74f6ddf5-8r5dx,oakestra-controller-manager,1716830817.814,0.003148246128033612
oakestra-controller-manager-d74f6ddf5-8r5dx,oakestra-controller-manager,1716830818.814,0.003148246128033612
oakestra-controller-manager-d74f6ddf5-8r5dx,oakestra-controller-manager,1716830819.814,0.003148246128033612
oakestra-controller-manager-d74f6ddf5-8r5dx,oakestra-controller-manager,1716830820.814,0.003148246128033612
oakestra-controller-manager-d74f6ddf5-8r5dx,oakestra-controller-manager,1716830821.814,0.003148246128033612
oakestra-controller-manager-d74f6ddf5-8r5dx,oakestra-controller-manager,1716830822.814,0.003148246128033612
oakestra-controller-manager-d74f6ddf5-8r5dx,oakestra-controller-manager,1716830823.814,0.002999544159688546
oakestra-controller-manager-d74f6ddf5-8r5dx,oakestra-controller-manager,1716830824.814,0.002999544159688546
oakestra-controller-manager-d74f6ddf5-8r5dx,oakestra-controller-manager,1716830825.814,0.002999544159688546
oakestra-controller-manager-d74f6ddf5-8r5dx,oakestra-controller-manager,1716830826.814,0.002999544159688546
oakestra-controller-manager-d74f6ddf5-8r5dx,oakestra-controller-manager,1716830827.814,0.002999544159688546
oakestra-controller-manager-d74f6ddf5-8r5dx,oakestra-controller-manager,1716830828.814,0.002999544159688546
oakestra-controller-manager-d74f6ddf5-8r5dx,oakestra-controller-manager,1716830829.814,0.0027723594141893767
oakestra-controller-manager-d74f6ddf5-8r5dx,oakestra-controller-manager,1716830830.814,0.0027723594141893767
oakestra-controller-manager-d74f6ddf5-8r5dx,oakestra-controller-manager,1716830831.814,0.0027723594141893767
oakestra-controller-manager-d74f6ddf5-8r5dx,oakestra-controller-manager,1716830832.814,0.0012956549060195487
oakestra-controller-manager-d74f6ddf5-8r5dx,oakestra-controller-manager,1716830833.814,0.0012956549060195487
oakestra-controller-manager-d74f6ddf5-8r5dx,oakestra-controller-manager,1716830834.814,0.0012956549060195487
oakestra-controller-manager-d74f6ddf5-8r5dx,oakestra-controller-manager,1716830835.814,0.0010934148471615631
oakestra-controller-manager-d74f6ddf5-8r5dx,oakestra-controller-manager,1716830836.814,0.0010934148471615631
oakestra-controller-manager-d74f6ddf5-8r5dx,oakestra-controller-manager,1716830837.814,0.00267537585967247
oakestra-controller-manager-d74f6ddf5-8r5dx,oakestra-controller-manager,1716830838.814,0.00267537585967247
oakestra-controller-manager-d74f6ddf5-8r5dx,oakestra-controller-manager,1716830839.814,0.0027026182138230725
oakestra-controller-manager-d74f6ddf5-8r5dx,oakestra-controller-manager,1716830840.814,0.0027026182138230725
oakestra-controller-manager-d74f6ddf5-8r5dx,oakestra-controller-manager,1716830841.814,0.0027026182138230725
oakestra-controller-manager-d74f6ddf5-8r5dx,oakestra-controller-manager,1716830842.814,0.0027026182138230725
oakestra-controller-manager-d74f6ddf5-8r5dx,oakestra-controller-manager,1716830843.814,0.0027026182138230725
oakestra-controller-manager-d74f6ddf5-8r5dx,oakestra-controller-manager,1716830844.814,0.0027026182138230725
oakestra-controller-manager-d74f6ddf5-8r5dx,oakestra-controller-manager,1716830845.814,0.0027026182138230725
oakestra-controller-manager-d74f6ddf5-8r5dx,oakestra-controller-manager,1716830846.814,0.0027026182138230725
oakestra-controller-manager-d74f6ddf5-8r5dx,oakestra-controller-manager,1716830847.814,0.002702618213823073
oakestra-controller-manager-d74f6ddf5-8r5dx,oakestra-controller-manager,1716830848.814,0.002702618213823073
oakestra-controller-manager-d74f6ddf5-8r5dx,oakestra-controller-manager,1716830849.814,0.002702618213823073
oakestra-controller-manager-d74f6ddf5-8r5dx,oakestra-controller-manager,1716830850.814,0.002702618213823073
oakestra-controller-manager-d74f6ddf5-8r5dx,oakestra-controller-manager,1716830851.814,0.002702618213823073
oakestra-controller-manager-d74f6ddf5-8r5dx,oakestra-controller-manager,1716830852.814,0.002702618213823073
oakestra-controller-manager-d74f6ddf5-8r5dx,oakestra-controller-manager,1716830853.814,0.002702618213823073
oakestra-controller-manager-d74f6ddf5-8r5dx,oakestra-controller-manager,1716830854.814,0.002702618213823073
oakestra-controller-manager-d74f6ddf5-8r5dx,oakestra-controller-manager,1716830855.814,0.002702618213823073
oakestra-controller-manager-d74f6ddf5-8r5dx,oakestra-controller-manager,1716830856.814,0.002702618213823073
oakestra-controller-manager-d74f6ddf5-8r5dx,oakestra-controller-manager,1716830857.814,0.002702618213823073
oakestra-controller-manager-d74f6ddf5-8r5dx,oakestra-controller-manager,1716830858.814,0.002702618213823073
oakestra-controller-manager-d74f6ddf5-8r5dx,oakestra-controller-manager,1716830859.814,0.002702618213823073
oakestra-controller-manager-d74f6ddf5-8r5dx,oakestra-controller-manager,1716830860.814,0.002702618213823073
oakestra-controller-manager-d74f6ddf5-8r5dx,oakestra-controller-manager,1716830861.814,0.0016092033666615098
oakestra-controller-manager-d74f6ddf5-8r5dx,oakestra-controller-manager,1716830862.814,0.0016092033666615098
oakestra-controller-manager-d74f6ddf5-8r5dx,oakestra-controller-manager,1716830863.814,0.000027242354150602668
oakestra-controller-manager-d74f6ddf5-8r5dx,oakestra-controller-manager,1716830864.814,0.00003184894905592983
oakestra-controller-manager-d74f6ddf5-8r5dx,oakestra-controller-manager,1716830865.814,0.0010968904095629032
oakestra-controller-manager-d74f6ddf5-8r5dx,oakestra-controller-manager,1716830866.814,0.003477772670909318
oakestra-controller-manager-d74f6ddf5-8r5dx,oakestra-controller-manager,1716830867.814,0.003477772670909318
oakestra-controller-manager-d74f6ddf5-8r5dx,oakestra-controller-manager,1716830868.814,0.0034723839276212852
oakestra-controller-manager-d74f6ddf5-8r5dx,oakestra-controller-manager,1716830869.814,0.0034730102936322664
oakestra-controller-manager-d74f6ddf5-8r5dx,oakestra-controller-manager,1716830870.814,0.0034736366596432476
oakestra-controller-manager-d74f6ddf5-8r5dx,oakestra-controller-manager,1716830871.814,0.0034835056825122702
oakestra-controller-manager-d74f6ddf5-8r5dx,oakestra-controller-manager,1716830872.814,0.0034835056825122702
oakestra-controller-manager-d74f6ddf5-8r5dx,oakestra-controller-manager,1716830873.814,0.0034835056825122702
oakestra-controller-manager-d74f6ddf5-8r5dx,oakestra-controller-manager,1716830874.814,0.0034835056825122702
oakestra-controller-manager-d74f6ddf5-8r5dx,oakestra-controller-manager,1716830875.814,0.0034835056825122702
oakestra-controller-manager-d74f6ddf5-8r5dx,oakestra-controller-manager,1716830876.814,0.0034835056825122702
oakestra-controller-manager-d74f6ddf5-8r5dx,oakestra-controller-manager,1716830877.814,0.0034835056825122702
oakestra-controller-manager-d74f6ddf5-8r5dx,oakestra-controller-manager,1716830878.814,0.0034835056825122702
oakestra-controller-manager-d74f6ddf5-8r5dx,oakestra-controller-manager,1716830879.814,0.0034835056825122702
oakestra-controller-manager-d74f6ddf5-8r5dx,oakestra-controller-manager,1716830880.814,0.0034835056825122702
oakestra-controller-manager-d74f6ddf5-8r5dx,oakestra-controller-manager,1716830881.814,0.0034835056825122702
oakestra-controller-manager-d74f6ddf5-8r5dx,oakestra-controller-manager,1716830882.814,0.003232980885341791
oakestra-controller-manager-d74f6ddf5-8r5dx,oakestra-controller-manager,1716830883.814,0.003232980885341791
oakestra-controller-manager-d74f6ddf5-8r5dx,oakestra-controller-manager,1716830884.814,0.003075892098744488
oakestra-controller-manager-d74f6ddf5-8r5dx,oakestra-controller-manager,1716830885.814,0.003075892098744488
oakestra-controller-manager-d74f6ddf5-8r5dx,oakestra-controller-manager,1716830886.814,0.003075892098744488
oakestra-controller-manager-d74f6ddf5-8r5dx,oakestra-controller-manager,1716830887.814,0.003075892098744488
oakestra-controller-manager-d74f6ddf5-8r5dx,oakestra-controller-manager,1716830888.814,0.003075892098744488
oakestra-controller-manager-d74f6ddf5-8r5dx,oakestra-controller-manager,1716830889.814,0.001973747206561925
oakestra-controller-manager-d74f6ddf5-8r5dx,oakestra-controller-manager,1716830890.814,0.0019924636250845448
oakestra-controller-manager-d74f6ddf5-8r5dx,oakestra-controller-manager,1716830891.814,0.0020111800436071643
oakestra-controller-manager-d74f6ddf5-8r5dx,oakestra-controller-manager,1716830892.814,0.0020298964621297843
oakestra-controller-manager-d74f6ddf5-8r5dx,oakestra-controller-manager,1716830893.814,0.002048612880652404
oakestra-controller-manager-d74f6ddf5-8r5dx,oakestra-controller-manager,1716830894.814,0.002067329299175024
oakestra-controller-manager-d74f6ddf5-8r5dx,oakestra-controller-manager,1716830895.814,0.0020860457176976434
oakestra-controller-manager-d74f6ddf5-8r5dx,oakestra-controller-manager,1716830896.814,0.002104762136220263
oakestra-controller-manager-d74f6ddf5-8r5dx,oakestra-controller-manager,1716830897.814,0.0015624240112570888
oakestra-controller-manager-d74f6ddf5-8r5dx,oakestra-controller-manager,1716830898.814,0.0015998427661635137
oakestra-controller-manager-d74f6ddf5-8r5dx,oakestra-controller-manager,1716830899.814,0.0016307001846807092
oakestra-controller-manager-d74f6ddf5-8r5dx,oakestra-controller-manager,1716830900.814,0.0014777355303750464
oakestra-controller-manager-d74f6ddf5-8r5dx,oakestra-controller-manager,1716830901.814,0.0014964378667588513
oakestra-controller-manager-d74f6ddf5-8r5dx,oakestra-controller-manager,1716830902.814,0.0015151402031426562
oakestra-controller-manager-d74f6ddf5-8r5dx,oakestra-controller-manager,1716830903.814,0.0015338425395264614
oakestra-controller-manager-d74f6ddf5-8r5dx,oakestra-controller-manager,1716830904.814,0.0017548667509102692
oakestra-controller-manager-d74f6ddf5-8r5dx,oakestra-controller-manager,1716830905.814,0.0015357127731648417
oakestra-controller-manager-d74f6ddf5-8r5dx,oakestra-controller-manager,1716830906.814,0.0015170104367810367
oakestra-controller-manager-d74f6ddf5-8r5dx,oakestra-controller-manager,1716830907.814,0.0014983081003972316
oakestra-controller-manager-d74f6ddf5-8r5dx,oakestra-controller-manager,1716830908.814,0.001654042784644242
oakestra-controller-manager-d74f6ddf5-8r5dx,oakestra-controller-manager,1716830909.814,0.0016166240297378173
oakestra-controller-manager-d74f6ddf5-8r5dx,oakestra-controller-manager,1716830910.814,0.0015792052748313926
oakestra-controller-manager-d74f6ddf5-8r5dx,oakestra-controller-manager,1716830911.814,0.0015417865199249682
oakestra-controller-manager-d74f6ddf5-8r5dx,oakestra-controller-manager,1716830912.814,0.0015043677650185435
oakestra-controller-manager-d74f6ddf5-8r5dx,oakestra-controller-manager,1716830913.814,0.0014669490101121186
oakestra-controller-manager-d74f6ddf5-8r5dx,oakestra-controller-manager,1716830914.814,0.0014295302552056939
oakestra-controller-manager-d74f6ddf5-8r5dx,oakestra-controller-manager,1716830915.814,0.0013921115002992692
oakestra-controller-manager-d74f6ddf5-8r5dx,oakestra-controller-manager,1716830916.814,0.0013546927453928445
oakestra-controller-manager-d74f6ddf5-8r5dx,oakestra-controller-manager,1716830917.814,0.0018311841204721995
oakestra-controller-manager-d74f6ddf5-8r5dx,oakestra-controller-manager,1716830918.814,0.0018058848427177604
oakestra-controller-manager-d74f6ddf5-8r5dx,oakestra-controller-manager,1716830919.814,0.0017867635369526631
oakestra-controller-manager-d74f6ddf5-8r5dx,oakestra-controller-manager,1716830920.814,0.0017676422311875663
oakestra-controller-manager-d74f6ddf5-8r5dx,oakestra-controller-manager,1716830921.814,0.001748520925422469
oakestra-controller-manager-d74f6ddf5-8r5dx,oakestra-controller-manager,1716830922.814,0.0017293996196573718
oakestra-controller-manager-d74f6ddf5-8r5dx,oakestra-controller-manager,1716830923.814,0.0017102783138922748
oakestra-controller-manager-d74f6ddf5-8r5dx,oakestra-controller-manager,1716830924.814,0.0016758759562652153
oakestra-controller-manager-d74f6ddf5-8r5dx,oakestra-controller-manager,1716830925.814,0.0016981782288291003
oakestra-controller-manager-d74f6ddf5-8r5dx,oakestra-controller-manager,1716830926.814,0.0012334869897494985
oakestra-controller-manager-d74f6ddf5-8r5dx,oakestra-controller-manager,1716830927.814,0.0012334869897494985
oakestra-controller-manager-d74f6ddf5-8r5dx,oakestra-controller-manager,1716830928.814,0.002600011357530725
oakestra-controller-manager-d74f6ddf5-8r5dx,oakestra-controller-manager,1716830929.814,0.002600011357530725
oakestra-controller-manager-d74f6ddf5-8r5dx,oakestra-controller-manager,1716830930.814,0.0027868412204558194
oakestra-controller-manager-d74f6ddf5-8r5dx,oakestra-controller-manager,1716830931.814,0.0027868412204558194
oakestra-controller-manager-d74f6ddf5-8r5dx,oakestra-controller-manager,1716830932.814,0.0027868412204558194
oakestra-controller-manager-d74f6ddf5-8r5dx,oakestra-controller-manager,1716830933.814,0.0027868412204558194
oakestra-controller-manager-d74f6ddf5-8r5dx,oakestra-controller-manager,1716830934.814,0.0027868412204558194
oakestra-controller-manager-d74f6ddf5-8r5dx,oakestra-controller-manager,1716830935.814,0.0027868412204558194
oakestra-controller-manager-d74f6ddf5-8r5dx,oakestra-controller-manager,1716830936.814,0.0027868412204558194
oakestra-controller-manager-d74f6ddf5-8r5dx,oakestra-controller-manager,1716830937.814,0.0027868412204558194
oakestra-controller-manager-d74f6ddf5-8r5dx,oakestra-controller-manager,1716830938.814,0.0027868412204558194
oakestra-controller-manager-d74f6ddf5-8r5dx,oakestra-controller-manager,1716830939.814,0.0027868412204558194
oakestra-controller-manager-d74f6ddf5-8r5dx,oakestra-controller-manager,1716830940.814,0.0027868412204558194
oakestra-controller-manager-d74f6ddf5-8r5dx,oakestra-controller-manager,1716830941.814,0.0027868412204558194
oakestra-controller-manager-d74f6ddf5-8r5dx,oakestra-controller-manager,1716830942.814,0.0014203168526745929
oakestra-controller-manager-d74f6ddf5-8r5dx,oakestra-controller-manager,1716830943.814,0.0014203168526745929
oakestra-controller-manager-d74f6ddf5-8r5dx,oakestra-controller-manager,1716830944.814,0.0001868298629250943
oakestra-controller-manager-d74f6ddf5-8r5dx,oakestra-controller-manager,1716830945.814,0.0001868298629250943
oakestra-controller-manager-d74f6ddf5-8r5dx,oakestra-controller-manager,1716830946.814,0.0001868298629250943
oakestra-controller-manager-d74f6ddf5-8r5dx,oakestra-controller-manager,1716830947.814,0.0001868298629250943
oakestra-controller-manager-d74f6ddf5-8r5dx,oakestra-controller-manager,1716830948.814,0.0001868298629250943
oakestra-controller-manager-d74f6ddf5-8r5dx,oakestra-controller-manager,1716830951.814,0.0006725643521790327
oakestra-controller-manager-d74f6ddf5-8r5dx,oakestra-controller-manager,1716830952.814,0.0006920748056537088
oakestra-controller-manager-d74f6ddf5-8r5dx,oakestra-controller-manager,1716830953.814,0.0007115852591283849
oakestra-controller-manager-d74f6ddf5-8r5dx,oakestra-controller-manager,1716830954.814,0.0007310957126030608
oakestra-controller-manager-d74f6ddf5-8r5dx,oakestra-controller-manager,1716830955.814,0.0007506061660777369
oakestra-controller-manager-d74f6ddf5-8r5dx,oakestra-controller-manager,1716830956.814,0.000770116619552413
oakestra-controller-manager-d74f6ddf5-8r5dx,oakestra-controller-manager,1716830957.814,0.0007896270730270889
oakestra-controller-manager-d74f6ddf5-8r5dx,oakestra-controller-manager,1716830958.814,0.0008091375265017651
oakestra-controller-manager-d74f6ddf5-8r5dx,oakestra-controller-manager,1716830959.814,0.0008583868581195745
oakestra-controller-manager-d74f6ddf5-8r5dx,oakestra-controller-manager,1716830960.814,0.002541661028615019
oakestra-controller-manager-d74f6ddf5-8r5dx,oakestra-controller-manager,1716830961.814,0.002561171482089695
oakestra-controller-manager-d74f6ddf5-8r5dx,oakestra-controller-manager,1716830962.814,0.0025806819355643712
oakestra-controller-manager-d74f6ddf5-8r5dx,oakestra-controller-manager,1716830963.814,0.0028641298036444648
oakestra-controller-manager-d74f6ddf5-8r5dx,oakestra-controller-manager,1716830964.814,0.0028641298036444648
oakestra-controller-manager-d74f6ddf5-8r5dx,oakestra-controller-manager,1716830965.814,0.0028641298036444648
oakestra-controller-manager-d74f6ddf5-8r5dx,oakestra-controller-manager,1716830966.814,0.0028641298036444648
oakestra-controller-manager-d74f6ddf5-8r5dx,oakestra-controller-manager,1716830967.814,0.0028641298036444648
oakestra-controller-manager-d74f6ddf5-8r5dx,oakestra-controller-manager,1716830968.814,0.0028641298036444648
oakestra-controller-manager-d74f6ddf5-8r5dx,oakestra-controller-manager,1716830969.814,0.0028641298036444648
oakestra-controller-manager-d74f6ddf5-8r5dx,oakestra-controller-manager,1716830970.814,0.0028641298036444648
oakestra-controller-manager-d74f6ddf5-8r5dx,oakestra-controller-manager,1716830971.814,0.0028641298036444648
oakestra-controller-manager-d74f6ddf5-8r5dx,oakestra-controller-manager,1716830972.814,0.0028641298036444648
oakestra-controller-manager-d74f6ddf5-8r5dx,oakestra-controller-manager,1716830973.814,0.0028641298036444648
oakestra-controller-manager-d74f6ddf5-8r5dx,oakestra-controller-manager,1716830974.814,0.0028659023842135902
oakestra-controller-manager-d74f6ddf5-8r5dx,oakestra-controller-manager,1716830975.814,0.0028659023842135902
oakestra-controller-manager-d74f6ddf5-8r5dx,oakestra-controller-manager,1716830976.814,0.002667575603994437
oakestra-controller-manager-d74f6ddf5-8r5dx,oakestra-controller-manager,1716830977.814,0.0017320794434685176
oakestra-controller-manager-d74f6ddf5-8r5dx,oakestra-controller-manager,1716830978.814,0.0017452088598624267
oakestra-controller-manager-d74f6ddf5-8r5dx,oakestra-controller-manager,1716830979.814,0.001758338276256336
oakestra-controller-manager-d74f6ddf5-8r5dx,oakestra-controller-manager,1716830980.814,0.0028653623146087577
oakestra-controller-manager-d74f6ddf5-8r5dx,oakestra-controller-manager,1716830981.814,0.002898002184477343
oakestra-controller-manager-d74f6ddf5-8r5dx,oakestra-controller-manager,1716830982.814,0.0029306420543459286
oakestra-controller-manager-d74f6ddf5-8r5dx,oakestra-controller-manager,1716830983.814,0.002963281924214514
oakestra-controller-manager-d74f6ddf5-8r5dx,oakestra-controller-manager,1716830984.814,0.002995921794083099
oakestra-controller-manager-d74f6ddf5-8r5dx,oakestra-controller-manager,1716830985.814,0.0030285616639516844
oakestra-controller-manager-d74f6ddf5-8r5dx,oakestra-controller-manager,1716830986.814,0.0030612015338202696
oakestra-controller-manager-d74f6ddf5-8r5dx,oakestra-controller-manager,1716830987.814,0.003093841403688855
oakestra-controller-manager-d74f6ddf5-8r5dx,oakestra-controller-manager,1716830988.814,0.0037040173354581834
oakestra-controller-manager-d74f6ddf5-8r5dx,oakestra-controller-manager,1716830989.814,0.0037366572053267686
oakestra-controller-manager-d74f6ddf5-8r5dx,oakestra-controller-manager,1716830990.814,0.003755285616483095
oakestra-controller-manager-d74f6ddf5-8r5dx,oakestra-controller-manager,1716830991.814,0.0037879254863516804
oakestra-controller-manager-d74f6ddf5-8r5dx,oakestra-controller-manager,1716830992.814,0.0038205653562202657
oakestra-controller-manager-d74f6ddf5-8r5dx,oakestra-controller-manager,1716830993.814,0.003521290389395207
cluster-netmanager-7c99cd659b-4p5w4,oakestra-system,1716830693.814,0.0027808505049673102
cluster-netmanager-7c99cd659b-4p5w4,oakestra-system,1716830694.814,0.0027808505049673102
cluster-netmanager-7c99cd659b-4p5w4,oakestra-system,1716830695.814,0.0027808505049673102
cluster-netmanager-7c99cd659b-4p5w4,oakestra-system,1716830696.814,0.0027808505049673102
cluster-netmanager-7c99cd659b-4p5w4,oakestra-system,1716830697.814,0.0027808505049673102
cluster-netmanager-7c99cd659b-4p5w4,oakestra-system,1716830698.814,0.0027808505049673102
cluster-netmanager-7c99cd659b-4p5w4,oakestra-system,1716830699.814,0.0027808505049673102
cluster-netmanager-7c99cd659b-4p5w4,oakestra-system,1716830700.814,0.0027808505049673102
cluster-netmanager-7c99cd659b-4p5w4,oakestra-system,1716830701.814,0.0027808505049673102
cluster-netmanager-7c99cd659b-4p5w4,oakestra-system,1716830702.814,0.0027808505049673102
cluster-netmanager-7c99cd659b-4p5w4,oakestra-system,1716830703.814,0.0027808505049673102
cluster-netmanager-7c99cd659b-4p5w4,oakestra-system,1716830704.814,0.0027808505049673102
cluster-netmanager-7c99cd659b-4p5w4,oakestra-system,1716830705.814,0.0027808505049673102
cluster-netmanager-7c99cd659b-4p5w4,oakestra-system,1716830706.814,0.001408796816621608
cluster-netmanager-7c99cd659b-4p5w4,oakestra-system,1716830710.814,0.0008857161817313877
cluster-netmanager-7c99cd659b-4p5w4,oakestra-system,1716830711.814,0.0009068255202857067
cluster-netmanager-7c99cd659b-4p5w4,oakestra-system,1716830712.814,0.0012665603132591314
cluster-netmanager-7c99cd659b-4p5w4,oakestra-system,1716830713.814,0.0012665603132591314
cluster-netmanager-7c99cd659b-4p5w4,oakestra-system,1716830714.814,0.0026585828406200133
cluster-netmanager-7c99cd659b-4p5w4,oakestra-system,1716830715.814,0.0026585828406200133
cluster-netmanager-7c99cd659b-4p5w4,oakestra-system,1716830716.814,0.0026585828406200133
cluster-netmanager-7c99cd659b-4p5w4,oakestra-system,1716830717.814,0.0026585828406200133
cluster-netmanager-7c99cd659b-4p5w4,oakestra-system,1716830718.814,0.0026585828406200133
cluster-netmanager-7c99cd659b-4p5w4,oakestra-system,1716830719.814,0.0026585828406200133
cluster-netmanager-7c99cd659b-4p5w4,oakestra-system,1716830720.814,0.0026585828406200133
cluster-netmanager-7c99cd659b-4p5w4,oakestra-system,1716830721.814,0.0026585828406200133
cluster-netmanager-7c99cd659b-4p5w4,oakestra-system,1716830722.814,0.0026585828406200133
cluster-netmanager-7c99cd659b-4p5w4,oakestra-system,1716830723.814,0.0026585828406200133
cluster-netmanager-7c99cd659b-4p5w4,oakestra-system,1716830724.814,0.0026585828406200133
cluster-netmanager-7c99cd659b-4p5w4,oakestra-system,1716830725.814,0.0026585828406200133
cluster-netmanager-7c99cd659b-4p5w4,oakestra-system,1716830726.814,0.0026585828406200133
cluster-netmanager-7c99cd659b-4p5w4,oakestra-system,1716830727.814,0.0026585828406200133
cluster-netmanager-7c99cd659b-4p5w4,oakestra-system,1716830728.814,0.0026585828406200133
cluster-netmanager-7c99cd659b-4p5w4,oakestra-system,1716830729.814,0.0026585828406200133
cluster-netmanager-7c99cd659b-4p5w4,oakestra-system,1716830730.814,0.0026585828406200133
cluster-netmanager-7c99cd659b-4p5w4,oakestra-system,1716830731.814,0.0026585828406200133
cluster-netmanager-7c99cd659b-4p5w4,oakestra-system,1716830732.814,0.0026585828406200133
cluster-netmanager-7c99cd659b-4p5w4,oakestra-system,1716830733.814,0.0026335968400491754
cluster-netmanager-7c99cd659b-4p5w4,oakestra-system,1716830734.814,0.0026335968400491754
cluster-netmanager-7c99cd659b-4p5w4,oakestra-system,1716830735.814,0.0026335968400491754
cluster-netmanager-7c99cd659b-4p5w4,oakestra-system,1716830736.814,0.0026335968400491754
cluster-netmanager-7c99cd659b-4p5w4,oakestra-system,1716830737.814,0.0026335968400491754
cluster-netmanager-7c99cd659b-4p5w4,oakestra-system,1716830738.814,0.002740700989895274
cluster-netmanager-7c99cd659b-4p5w4,oakestra-system,1716830739.814,0.002740700989895274
cluster-netmanager-7c99cd659b-4p5w4,oakestra-system,1716830740.814,0.002169716971712351
cluster-netmanager-7c99cd659b-4p5w4,oakestra-system,1716830741.814,0.002191756382795205
cluster-netmanager-7c99cd659b-4p5w4,oakestra-system,1716830742.814,0.002317851574529199
cluster-netmanager-7c99cd659b-4p5w4,oakestra-system,1716830743.814,0.0023398909856120523
cluster-netmanager-7c99cd659b-4p5w4,oakestra-system,1716830744.814,0.002361930396694906
cluster-netmanager-7c99cd659b-4p5w4,oakestra-system,1716830745.814,0.002383969807777759
cluster-netmanager-7c99cd659b-4p5w4,oakestra-system,1716830746.814,0.0024060092188606125
cluster-netmanager-7c99cd659b-4p5w4,oakestra-system,1716830747.814,0.002428048629943466
cluster-netmanager-7c99cd659b-4p5w4,oakestra-system,1716830748.814,0.002450088041026319
cluster-netmanager-7c99cd659b-4p5w4,oakestra-system,1716830749.814,0.0024721274521091723
cluster-netmanager-7c99cd659b-4p5w4,oakestra-system,1716830750.814,0.0024941668631920256
cluster-netmanager-7c99cd659b-4p5w4,oakestra-system,1716830751.814,0.002516206274274879
cluster-netmanager-7c99cd659b-4p5w4,oakestra-system,1716830752.814,0.002538245685357732
cluster-netmanager-7c99cd659b-4p5w4,oakestra-system,1716830753.814,0.002800084908727571
cluster-netmanager-7c99cd659b-4p5w4,oakestra-system,1716830754.814,0.0025447473116271737
cluster-netmanager-7c99cd659b-4p5w4,oakestra-system,1716830755.814,0.0025227079005443204
cluster-netmanager-7c99cd659b-4p5w4,oakestra-system,1716830756.814,0.002500668489461467
cluster-netmanager-7c99cd659b-4p5w4,oakestra-system,1716830757.814,0.002478629078378614
cluster-netmanager-7c99cd659b-4p5w4,oakestra-system,1716830758.814,0.0024565896672957607
cluster-netmanager-7c99cd659b-4p5w4,oakestra-system,1716830759.814,0.0024345502562129074
cluster-netmanager-7c99cd659b-4p5w4,oakestra-system,1716830760.814,0.002412510845130054
cluster-netmanager-7c99cd659b-4p5w4,oakestra-system,1716830761.814,0.002390471434047201
cluster-netmanager-7c99cd659b-4p5w4,oakestra-system,1716830762.814,0.0028337542214950944
cluster-netmanager-7c99cd659b-4p5w4,oakestra-system,1716830763.814,0.0028337542214950944
cluster-netmanager-7c99cd659b-4p5w4,oakestra-system,1716830764.814,0.0028337542214950944
cluster-netmanager-7c99cd659b-4p5w4,oakestra-system,1716830765.814,0.0028337542214950944
cluster-netmanager-7c99cd659b-4p5w4,oakestra-system,1716830766.814,0.0028337542214950944
cluster-netmanager-7c99cd659b-4p5w4,oakestra-system,1716830767.814,0.0028337542214950944
cluster-netmanager-7c99cd659b-4p5w4,oakestra-system,1716830768.814,0.0028337542214950944
cluster-netmanager-7c99cd659b-4p5w4,oakestra-system,1716830769.814,0.002767286319866638
cluster-netmanager-7c99cd659b-4p5w4,oakestra-system,1716830770.814,0.002706124733605447
cluster-netmanager-7c99cd659b-4p5w4,oakestra-system,1716830771.814,0.002706124733605447
cluster-netmanager-7c99cd659b-4p5w4,oakestra-system,1716830772.814,0.002706124733605447
cluster-netmanager-7c99cd659b-4p5w4,oakestra-system,1716830773.814,0.002706124733605447
cluster-netmanager-7c99cd659b-4p5w4,oakestra-system,1716830774.814,0.0027288632329952565
cluster-netmanager-7c99cd659b-4p5w4,oakestra-system,1716830775.814,0.0027288632329952565
cluster-netmanager-7c99cd659b-4p5w4,oakestra-system,1716830776.814,0.0027288632329952565
cluster-netmanager-7c99cd659b-4p5w4,oakestra-system,1716830777.814,0.0027288632329952565
cluster-netmanager-7c99cd659b-4p5w4,oakestra-system,1716830778.814,0.0027288632329952565
cluster-netmanager-7c99cd659b-4p5w4,oakestra-system,1716830779.814,0.0027288632329952565
cluster-netmanager-7c99cd659b-4p5w4,oakestra-system,1716830780.814,0.0027288632329952565
cluster-netmanager-7c99cd659b-4p5w4,oakestra-system,1716830781.814,0.0027288632329952565
cluster-netmanager-7c99cd659b-4p5w4,oakestra-system,1716830782.814,0.0027288632329952565
cluster-netmanager-7c99cd659b-4p5w4,oakestra-system,1716830783.814,0.0027288632329952565
cluster-netmanager-7c99cd659b-4p5w4,oakestra-system,1716830784.814,0.0027288632329952565
cluster-netmanager-7c99cd659b-4p5w4,oakestra-system,1716830785.814,0.0027288632329952565
cluster-netmanager-7c99cd659b-4p5w4,oakestra-system,1716830786.814,0.0027288632329952565
cluster-netmanager-7c99cd659b-4p5w4,oakestra-system,1716830787.814,0.0027288632329952565
cluster-netmanager-7c99cd659b-4p5w4,oakestra-system,1716830788.814,0.0027288632329952565
cluster-netmanager-7c99cd659b-4p5w4,oakestra-system,1716830789.814,0.0027288632329952565
cluster-netmanager-7c99cd659b-4p5w4,oakestra-system,1716830790.814,0.0027288632329952565
cluster-netmanager-7c99cd659b-4p5w4,oakestra-system,1716830791.814,0.0027288632329952565
cluster-netmanager-7c99cd659b-4p5w4,oakestra-system,1716830792.814,0.0027327489922746194
cluster-netmanager-7c99cd659b-4p5w4,oakestra-system,1716830793.814,0.0027363690434283588
cluster-netmanager-7c99cd659b-4p5w4,oakestra-system,1716830794.814,0.0027363690434283588
cluster-netmanager-7c99cd659b-4p5w4,oakestra-system,1716830795.814,0.0027363690434283588
cluster-netmanager-7c99cd659b-4p5w4,oakestra-system,1716830796.814,0.0027363690434283588
cluster-netmanager-7c99cd659b-4p5w4,oakestra-system,1716830797.814,0.0027363690434283588
cluster-netmanager-7c99cd659b-4p5w4,oakestra-system,1716830798.814,0.0027867067750698407
cluster-netmanager-7c99cd659b-4p5w4,oakestra-system,1716830799.814,0.0027867067750698407
cluster-netmanager-7c99cd659b-4p5w4,oakestra-system,1716830800.814,0.0027867067750698407
cluster-netmanager-7c99cd659b-4p5w4,oakestra-system,1716830801.814,0.0027867067750698407
cluster-netmanager-7c99cd659b-4p5w4,oakestra-system,1716830802.814,0.0027867067750698407
cluster-netmanager-7c99cd659b-4p5w4,oakestra-system,1716830803.814,0.0027867067750698407
cluster-netmanager-7c99cd659b-4p5w4,oakestra-system,1716830804.814,0.0027867067750698407
cluster-netmanager-7c99cd659b-4p5w4,oakestra-system,1716830805.814,0.0027867067750698407
cluster-netmanager-7c99cd659b-4p5w4,oakestra-system,1716830806.814,0.0027867067750698407
cluster-netmanager-7c99cd659b-4p5w4,oakestra-system,1716830807.814,0.0027867067750698407
cluster-netmanager-7c99cd659b-4p5w4,oakestra-system,1716830808.814,0.0027867067750698407
cluster-netmanager-7c99cd659b-4p5w4,oakestra-system,1716830809.814,0.0027867067750698407
cluster-netmanager-7c99cd659b-4p5w4,oakestra-system,1716830810.814,0.0027867067750698407
cluster-netmanager-7c99cd659b-4p5w4,oakestra-system,1716830811.814,0.0027867067750698407
cluster-netmanager-7c99cd659b-4p5w4,oakestra-system,1716830812.814,0.0027867067750698407
cluster-netmanager-7c99cd659b-4p5w4,oakestra-system,1716830813.814,0.0027867067750698407
cluster-netmanager-7c99cd659b-4p5w4,oakestra-system,1716830814.814,0.0027867067750698407
cluster-netmanager-7c99cd659b-4p5w4,oakestra-system,1716830815.814,0.0027867067750698407
cluster-netmanager-7c99cd659b-4p5w4,oakestra-system,1716830816.814,0.0027867067750698407
cluster-netmanager-7c99cd659b-4p5w4,oakestra-system,1716830817.814,0.0027867067750698407
cluster-netmanager-7c99cd659b-4p5w4,oakestra-system,1716830818.814,0.0027867067750698407
cluster-netmanager-7c99cd659b-4p5w4,oakestra-system,1716830819.814,0.0027867067750698407
cluster-netmanager-7c99cd659b-4p5w4,oakestra-system,1716830820.814,0.0027867067750698407
cluster-netmanager-7c99cd659b-4p5w4,oakestra-system,1716830821.814,0.0027867067750698407
cluster-netmanager-7c99cd659b-4p5w4,oakestra-system,1716830822.814,0.0014004284875082063
cluster-netmanager-7c99cd659b-4p5w4,oakestra-system,1716830823.814,0.0014004284875082063
cluster-netmanager-7c99cd659b-4p5w4,oakestra-system,1716830824.814,0.0014004284875082063
cluster-netmanager-7c99cd659b-4p5w4,oakestra-system,1716830825.814,0.0014004284875082063
cluster-netmanager-7c99cd659b-4p5w4,oakestra-system,1716830826.814,0.0014004284875082063
cluster-netmanager-7c99cd659b-4p5w4,oakestra-system,1716830827.814,0.0014004284875082063
cluster-netmanager-7c99cd659b-4p5w4,oakestra-system,1716830828.814,0.0014004284875082063
cluster-netmanager-7c99cd659b-4p5w4,oakestra-system,1716830829.814,0.001216613099855921
cluster-netmanager-7c99cd659b-4p5w4,oakestra-system,1716830830.814,0.001216613099855921
cluster-netmanager-7c99cd659b-4p5w4,oakestra-system,1716830831.814,0.001216613099855921
cluster-netmanager-7c99cd659b-4p5w4,oakestra-system,1716830832.814,0.001216613099855921
cluster-netmanager-7c99cd659b-4p5w4,oakestra-system,1716830833.814,0.0024968168427735703
cluster-netmanager-7c99cd659b-4p5w4,oakestra-system,1716830834.814,0.0024968168427735703
cluster-netmanager-7c99cd659b-4p5w4,oakestra-system,1716830835.814,0.0024968168427735703
cluster-netmanager-7c99cd659b-4p5w4,oakestra-system,1716830836.814,0.0024968168427735703
cluster-netmanager-7c99cd659b-4p5w4,oakestra-system,1716830837.814,0.0024968168427735703
cluster-netmanager-7c99cd659b-4p5w4,oakestra-system,1716830838.814,0.0024968168427735703
cluster-netmanager-7c99cd659b-4p5w4,oakestra-system,1716830839.814,0.0024968168427735703
cluster-netmanager-7c99cd659b-4p5w4,oakestra-system,1716830840.814,0.0024968168427735703
cluster-netmanager-7c99cd659b-4p5w4,oakestra-system,1716830841.814,0.0024968168427735703
cluster-netmanager-7c99cd659b-4p5w4,oakestra-system,1716830842.814,0.0024968168427735703
cluster-netmanager-7c99cd659b-4p5w4,oakestra-system,1716830843.814,0.0024968168427735703
cluster-netmanager-7c99cd659b-4p5w4,oakestra-system,1716830844.814,0.0024968168427735703
cluster-netmanager-7c99cd659b-4p5w4,oakestra-system,1716830845.814,0.0024968168427735703
cluster-netmanager-7c99cd659b-4p5w4,oakestra-system,1716830846.814,0.0024968168427735703
cluster-netmanager-7c99cd659b-4p5w4,oakestra-system,1716830847.814,0.0024968168427735703
cluster-netmanager-7c99cd659b-4p5w4,oakestra-system,1716830848.814,0.0024968168427735703
cluster-netmanager-7c99cd659b-4p5w4,oakestra-system,1716830849.814,0.0024968168427735703
cluster-netmanager-7c99cd659b-4p5w4,oakestra-system,1716830850.814,0.0024968168427735703
cluster-netmanager-7c99cd659b-4p5w4,oakestra-system,1716830851.814,0.0024968168427735703
cluster-netmanager-7c99cd659b-4p5w4,oakestra-system,1716830852.814,0.001324644505830661
cluster-netmanager-7c99cd659b-4p5w4,oakestra-system,1716830853.814,0.001324644505830661
cluster-netmanager-7c99cd659b-4p5w4,oakestra-system,1716830854.814,0.001324644505830661
cluster-netmanager-7c99cd659b-4p5w4,oakestra-system,1716830855.814,0.001324644505830661
cluster-netmanager-7c99cd659b-4p5w4,oakestra-system,1716830856.814,0.0023203064316447614
cluster-netmanager-7c99cd659b-4p5w4,oakestra-system,1716830857.814,0.002344077188599689
cluster-netmanager-7c99cd659b-4p5w4,oakestra-system,1716830858.814,0.002245656726725445
cluster-netmanager-7c99cd659b-4p5w4,oakestra-system,1716830859.814,0.00226909694154143
cluster-netmanager-7c99cd659b-4p5w4,oakestra-system,1716830860.814,0.0022925371563574143
cluster-netmanager-7c99cd659b-4p5w4,oakestra-system,1716830861.814,0.002315977371173399
cluster-netmanager-7c99cd659b-4p5w4,oakestra-system,1716830862.814,0.002339417585989384
cluster-netmanager-7c99cd659b-4p5w4,oakestra-system,1716830863.814,0.0023628578008053685
cluster-netmanager-7c99cd659b-4p5w4,oakestra-system,1716830864.814,0.0023862980156213534
cluster-netmanager-7c99cd659b-4p5w4,oakestra-system,1716830865.814,0.002409738230437338
cluster-netmanager-7c99cd659b-4p5w4,oakestra-system,1716830866.814,0.0024331784452533227
cluster-netmanager-7c99cd659b-4p5w4,oakestra-system,1716830867.814,0.002456618660069307
cluster-netmanager-7c99cd659b-4p5w4,oakestra-system,1716830868.814,0.002480058874885292
cluster-netmanager-7c99cd659b-4p5w4,oakestra-system,1716830869.814,0.002503499089701277
cluster-netmanager-7c99cd659b-4p5w4,oakestra-system,1716830870.814,0.002526939304517262
cluster-netmanager-7c99cd659b-4p5w4,oakestra-system,1716830871.814,0.0025503795193332463
cluster-netmanager-7c99cd659b-4p5w4,oakestra-system,1716830872.814,0.002832658306254742
cluster-netmanager-7c99cd659b-4p5w4,oakestra-system,1716830873.814,0.002552043774585182
cluster-netmanager-7c99cd659b-4p5w4,oakestra-system,1716830874.814,0.002528603559769197
cluster-netmanager-7c99cd659b-4p5w4,oakestra-system,1716830875.814,0.002505163344953212
cluster-netmanager-7c99cd659b-4p5w4,oakestra-system,1716830876.814,0.0024817231301372273
cluster-netmanager-7c99cd659b-4p5w4,oakestra-system,1716830877.814,0.002458282915321243
cluster-netmanager-7c99cd659b-4p5w4,oakestra-system,1716830878.814,0.002434842700505258
cluster-netmanager-7c99cd659b-4p5w4,oakestra-system,1716830879.814,0.0024114024856892735
cluster-netmanager-7c99cd659b-4p5w4,oakestra-system,1716830880.814,0.0023879622708732886
cluster-netmanager-7c99cd659b-4p5w4,oakestra-system,1716830881.814,0.0023645220560573037
cluster-netmanager-7c99cd659b-4p5w4,oakestra-system,1716830882.814,0.002341081841241319
cluster-netmanager-7c99cd659b-4p5w4,oakestra-system,1716830883.814,0.002208215769818251
cluster-netmanager-7c99cd659b-4p5w4,oakestra-system,1716830884.814,0.0021847755550022667
cluster-netmanager-7c99cd659b-4p5w4,oakestra-system,1716830885.814,0.0021613353401862823
cluster-netmanager-7c99cd659b-4p5w4,oakestra-system,1716830886.814,0.0021378951253702974
cluster-netmanager-7c99cd659b-4p5w4,oakestra-system,1716830887.814,0.0021144549105543125
cluster-netmanager-7c99cd659b-4p5w4,oakestra-system,1716830888.814,0.0025835560946675783
cluster-netmanager-7c99cd659b-4p5w4,oakestra-system,1716830889.814,0.002470379656655598
cluster-netmanager-7c99cd659b-4p5w4,oakestra-system,1716830890.814,0.002470379656655598
cluster-netmanager-7c99cd659b-4p5w4,oakestra-system,1716830891.814,0.002470379656655598
cluster-netmanager-7c99cd659b-4p5w4,oakestra-system,1716830892.814,0.002470379656655598
cluster-netmanager-7c99cd659b-4p5w4,oakestra-system,1716830893.814,0.002397398280860917
cluster-netmanager-7c99cd659b-4p5w4,oakestra-system,1716830894.814,0.002397398280860917
cluster-netmanager-7c99cd659b-4p5w4,oakestra-system,1716830895.814,0.002397398280860917
cluster-netmanager-7c99cd659b-4p5w4,oakestra-system,1716830896.814,0.002397398280860917
cluster-netmanager-7c99cd659b-4p5w4,oakestra-system,1716830897.814,0.002397398280860917
cluster-netmanager-7c99cd659b-4p5w4,oakestra-system,1716830898.814,0.002397398280860917
cluster-netmanager-7c99cd659b-4p5w4,oakestra-system,1716830899.814,0.002397398280860917
cluster-netmanager-7c99cd659b-4p5w4,oakestra-system,1716830900.814,0.002397398280860917
cluster-netmanager-7c99cd659b-4p5w4,oakestra-system,1716830901.814,0.002397398280860917
cluster-netmanager-7c99cd659b-4p5w4,oakestra-system,1716830902.814,0.002397398280860917
cluster-netmanager-7c99cd659b-4p5w4,oakestra-system,1716830903.814,0.002397398280860917
cluster-netmanager-7c99cd659b-4p5w4,oakestra-system,1716830904.814,0.002397398280860917
cluster-netmanager-7c99cd659b-4p5w4,oakestra-system,1716830905.814,0.002397398280860917
cluster-netmanager-7c99cd659b-4p5w4,oakestra-system,1716830906.814,0.002397398280860917
cluster-netmanager-7c99cd659b-4p5w4,oakestra-system,1716830907.814,0.002397398280860917
cluster-netmanager-7c99cd659b-4p5w4,oakestra-system,1716830908.814,0.002397398280860917
cluster-netmanager-7c99cd659b-4p5w4,oakestra-system,1716830909.814,0.002397398280860917
cluster-netmanager-7c99cd659b-4p5w4,oakestra-system,1716830910.814,0.002397398280860917
cluster-netmanager-7c99cd659b-4p5w4,oakestra-system,1716830911.814,0.002397398280860917
cluster-netmanager-7c99cd659b-4p5w4,oakestra-system,1716830912.814,0.001203643122676597
cluster-netmanager-7c99cd659b-4p5w4,oakestra-system,1716830913.814,0.0008665628661710162
cluster-netmanager-7c99cd659b-4p5w4,oakestra-system,1716830914.814,0.0008465021474597396
cluster-netmanager-7c99cd659b-4p5w4,oakestra-system,1716830915.814,0.0008264414287484629
cluster-netmanager-7c99cd659b-4p5w4,oakestra-system,1716830917.814,0.0014881999762216057
cluster-netmanager-7c99cd659b-4p5w4,oakestra-system,1716830918.814,0.0014881999762216057
cluster-netmanager-7c99cd659b-4p5w4,oakestra-system,1716830919.814,0.0014881999762216057
cluster-netmanager-7c99cd659b-4p5w4,oakestra-system,1716830920.814,0.0014881999762216057
cluster-netmanager-7c99cd659b-4p5w4,oakestra-system,1716830921.814,0.003015221672474061
cluster-netmanager-7c99cd659b-4p5w4,oakestra-system,1716830922.814,0.003015221672474061
cluster-netmanager-7c99cd659b-4p5w4,oakestra-system,1716830923.814,0.003015221672474061
cluster-netmanager-7c99cd659b-4p5w4,oakestra-system,1716830924.814,0.003015221672474061
cluster-netmanager-7c99cd659b-4p5w4,oakestra-system,1716830925.814,0.003015221672474061
cluster-netmanager-7c99cd659b-4p5w4,oakestra-system,1716830926.814,0.003015221672474061
cluster-netmanager-7c99cd659b-4p5w4,oakestra-system,1716830927.814,0.003015221672474061
cluster-netmanager-7c99cd659b-4p5w4,oakestra-system,1716830928.814,0.003015221672474061
cluster-netmanager-7c99cd659b-4p5w4,oakestra-system,1716830929.814,0.003015221672474061
cluster-netmanager-7c99cd659b-4p5w4,oakestra-system,1716830930.814,0.003015221672474061
cluster-netmanager-7c99cd659b-4p5w4,oakestra-system,1716830931.814,0.003015221672474061
cluster-netmanager-7c99cd659b-4p5w4,oakestra-system,1716830932.814,0.003015221672474061
cluster-netmanager-7c99cd659b-4p5w4,oakestra-system,1716830933.814,0.003015221672474061
cluster-netmanager-7c99cd659b-4p5w4,oakestra-system,1716830934.814,0.003015221672474061
cluster-netmanager-7c99cd659b-4p5w4,oakestra-system,1716830935.814,0.003015221672474061
cluster-netmanager-7c99cd659b-4p5w4,oakestra-system,1716830936.814,0.003015221672474061
cluster-netmanager-7c99cd659b-4p5w4,oakestra-system,1716830937.814,0.003015221672474061
cluster-netmanager-7c99cd659b-4p5w4,oakestra-system,1716830938.814,0.003015221672474061
cluster-netmanager-7c99cd659b-4p5w4,oakestra-system,1716830939.814,0.003015221672474061
cluster-netmanager-7c99cd659b-4p5w4,oakestra-system,1716830940.814,0.003015221672474061
cluster-netmanager-7c99cd659b-4p5w4,oakestra-system,1716830941.814,0.003015221672474061
cluster-netmanager-7c99cd659b-4p5w4,oakestra-system,1716830942.814,0.003015221672474061
cluster-netmanager-7c99cd659b-4p5w4,oakestra-system,1716830943.814,0.0015270216962524556
cluster-netmanager-7c99cd659b-4p5w4,oakestra-system,1716830944.814,0.0015270216962524556
cluster-netmanager-7c99cd659b-4p5w4,oakestra-system,1716830945.814,0.0015270216962524556
cluster-netmanager-7c99cd659b-4p5w4,oakestra-system,1716830946.814,0.002782043591018569
cluster-netmanager-7c99cd659b-4p5w4,oakestra-system,1716830947.814,0.002782043591018569
cluster-netmanager-7c99cd659b-4p5w4,oakestra-system,1716830948.814,0.0021065459391846958
cluster-netmanager-7c99cd659b-4p5w4,oakestra-system,1716830949.814,0.0021275818720499383
cluster-netmanager-7c99cd659b-4p5w4,oakestra-system,1716830950.814,0.0021486178049151807
cluster-netmanager-7c99cd659b-4p5w4,oakestra-system,1716830951.814,0.0021696537377804232
cluster-netmanager-7c99cd659b-4p5w4,oakestra-system,1716830952.814,0.0025171778666806615
cluster-netmanager-7c99cd659b-4p5w4,oakestra-system,1716830953.814,0.0025171778666806615
cluster-netmanager-7c99cd659b-4p5w4,oakestra-system,1716830954.814,0.0025171778666806615
cluster-netmanager-7c99cd659b-4p5w4,oakestra-system,1716830955.814,0.0025171778666806615
cluster-netmanager-7c99cd659b-4p5w4,oakestra-system,1716830956.814,0.0025171778666806615
cluster-netmanager-7c99cd659b-4p5w4,oakestra-system,1716830957.814,0.0025171778666806615
cluster-netmanager-7c99cd659b-4p5w4,oakestra-system,1716830958.814,0.0025171778666806615
cluster-netmanager-7c99cd659b-4p5w4,oakestra-system,1716830959.814,0.0025171778666806615
cluster-netmanager-7c99cd659b-4p5w4,oakestra-system,1716830960.814,0.0025171778666806615
cluster-netmanager-7c99cd659b-4p5w4,oakestra-system,1716830961.814,0.0025171778666806615
cluster-netmanager-7c99cd659b-4p5w4,oakestra-system,1716830962.814,0.0025171778666806615
cluster-netmanager-7c99cd659b-4p5w4,oakestra-system,1716830963.814,0.0025171778666806615
cluster-netmanager-7c99cd659b-4p5w4,oakestra-system,1716830964.814,0.0025171778666806615
cluster-netmanager-7c99cd659b-4p5w4,oakestra-system,1716830965.814,0.0025171778666806615
cluster-netmanager-7c99cd659b-4p5w4,oakestra-system,1716830966.814,0.0025171778666806615
cluster-netmanager-7c99cd659b-4p5w4,oakestra-system,1716830967.814,0.0025171778666806615
cluster-netmanager-7c99cd659b-4p5w4,oakestra-system,1716830968.814,0.0025171778666806615
cluster-netmanager-7c99cd659b-4p5w4,oakestra-system,1716830969.814,0.0025171778666806615
cluster-netmanager-7c99cd659b-4p5w4,oakestra-system,1716830970.814,0.0025171778666806615
cluster-netmanager-7c99cd659b-4p5w4,oakestra-system,1716830971.814,0.0025171778666806615
cluster-netmanager-7c99cd659b-4p5w4,oakestra-system,1716830972.814,0.0025171778666806615
cluster-netmanager-7c99cd659b-4p5w4,oakestra-system,1716830973.814,0.0025171778666806615
cluster-netmanager-7c99cd659b-4p5w4,oakestra-system,1716830974.814,0.0025171778666806615
cluster-netmanager-7c99cd659b-4p5w4,oakestra-system,1716830975.814,0.0025171778666806615
cluster-netmanager-7c99cd659b-4p5w4,oakestra-system,1716830976.814,0.002640809647733853
cluster-netmanager-7c99cd659b-4p5w4,oakestra-system,1716830977.814,0.0024185843622772474
cluster-netmanager-7c99cd659b-4p5w4,oakestra-system,1716830978.814,0.002397548429412005
cluster-netmanager-7c99cd659b-4p5w4,oakestra-system,1716830979.814,0.0028689460331117423
cluster-netmanager-7c99cd659b-4p5w4,oakestra-system,1716830980.814,0.0028689460331117423
cluster-netmanager-7c99cd659b-4p5w4,oakestra-system,1716830981.814,0.002964150252386805
cluster-netmanager-7c99cd659b-4p5w4,oakestra-system,1716830982.814,0.002964150252386805
cluster-netmanager-7c99cd659b-4p5w4,oakestra-system,1716830983.814,0.002964150252386805
cluster-netmanager-7c99cd659b-4p5w4,oakestra-system,1716830984.814,0.002964150252386805
cluster-netmanager-7c99cd659b-4p5w4,oakestra-system,1716830985.814,0.002964150252386805
cluster-netmanager-7c99cd659b-4p5w4,oakestra-system,1716830986.814,0.002964150252386805
cluster-netmanager-7c99cd659b-4p5w4,oakestra-system,1716830987.814,0.002964150252386805
cluster-netmanager-7c99cd659b-4p5w4,oakestra-system,1716830988.814,0.002964150252386805
cluster-netmanager-7c99cd659b-4p5w4,oakestra-system,1716830989.814,0.002964150252386805
cluster-netmanager-7c99cd659b-4p5w4,oakestra-system,1716830990.814,0.002964150252386805
cluster-netmanager-7c99cd659b-4p5w4,oakestra-system,1716830991.814,0.002964150252386805
cluster-netmanager-7c99cd659b-4p5w4,oakestra-system,1716830992.814,0.002964150252386805
cluster-netmanager-7c99cd659b-4p5w4,oakestra-system,1716830993.814,0.002964150252386805
mongo-5759468d74-wq286,oakestra-system,1716830693.814,0.007497848093658855
mongo-5759468d74-wq286,oakestra-system,1716830694.814,0.007425851223384213
mongo-5759468d74-wq286,oakestra-system,1716830695.814,0.007353854353109571
mongo-5759468d74-wq286,oakestra-system,1716830696.814,0.007281857482834929
mongo-5759468d74-wq286,oakestra-system,1716830697.814,0.0072098606125602874
mongo-5759468d74-wq286,oakestra-system,1716830698.814,0.0071378637422856465
mongo-5759468d74-wq286,oakestra-system,1716830699.814,0.007065866872011005
mongo-5759468d74-wq286,oakestra-system,1716830700.814,0.006993870001736364
mongo-5759468d74-wq286,oakestra-system,1716830701.814,0.006921873131461722
mongo-5759468d74-wq286,oakestra-system,1716830702.814,0.00684987626118708
mongo-5759468d74-wq286,oakestra-system,1716830703.814,0.006777879390912438
mongo-5759468d74-wq286,oakestra-system,1716830704.814,0.006705882520637796
mongo-5759468d74-wq286,oakestra-system,1716830705.814,0.006633885650363155
mongo-5759468d74-wq286,oakestra-system,1716830706.814,0.006561888780088513
mongo-5759468d74-wq286,oakestra-system,1716830707.814,0.006489891909813871
mongo-5759468d74-wq286,oakestra-system,1716830708.814,0.006417895039539229
mongo-5759468d74-wq286,oakestra-system,1716830709.814,0.006345898169264588
mongo-5759468d74-wq286,oakestra-system,1716830710.814,0.006273901298989946
mongo-5759468d74-wq286,oakestra-system,1716830711.814,0.006201904428715305
mongo-5759468d74-wq286,oakestra-system,1716830712.814,0.004142173394651689
mongo-5759468d74-wq286,oakestra-system,1716830713.814,0.002629427493907229
mongo-5759468d74-wq286,oakestra-system,1716830714.814,0.002698178784749478
mongo-5759468d74-wq286,oakestra-system,1716830715.814,0.002766930075591727
mongo-5759468d74-wq286,oakestra-system,1716830716.814,0.0028356813664339757
mongo-5759468d74-wq286,oakestra-system,1716830717.814,0.0029044326572762245
mongo-5759468d74-wq286,oakestra-system,1716830718.814,0.007479312022758014
mongo-5759468d74-wq286,oakestra-system,1716830719.814,0.007548063313600264
mongo-5759468d74-wq286,oakestra-system,1716830720.814,0.007616814604442513
mongo-5759468d74-wq286,oakestra-system,1716830721.814,0.008631205525174473
mongo-5759468d74-wq286,oakestra-system,1716830722.814,0.008631205525174473
mongo-5759468d74-wq286,oakestra-system,1716830723.814,0.008631205525174473
mongo-5759468d74-wq286,oakestra-system,1716830724.814,0.008631205525174473
mongo-5759468d74-wq286,oakestra-system,1716830725.814,0.008631205525174473
mongo-5759468d74-wq286,oakestra-system,1716830726.814,0.008631205525174473
mongo-5759468d74-wq286,oakestra-system,1716830727.814,0.008631205525174473
mongo-5759468d74-wq286,oakestra-system,1716830728.814,0.008631205525174473
mongo-5759468d74-wq286,oakestra-system,1716830729.814,0.008631205525174473
mongo-5759468d74-wq286,oakestra-system,1716830730.814,0.004125077450534933
mongo-5759468d74-wq286,oakestra-system,1716830731.814,0.004125077450534933
mongo-5759468d74-wq286,oakestra-system,1716830732.814,0.004125077450534933
mongo-5759468d74-wq286,oakestra-system,1716830733.814,0.004125077450534933
mongo-5759468d74-wq286,oakestra-system,1716830734.814,0.005764534271182582
mongo-5759468d74-wq286,oakestra-system,1716830735.814,0.006222179854777207
mongo-5759468d74-wq286,oakestra-system,1716830736.814,0.00628811417292109
mongo-5759468d74-wq286,oakestra-system,1716830737.814,0.006354048491064973
mongo-5759468d74-wq286,oakestra-system,1716830738.814,0.006419982809208856
mongo-5759468d74-wq286,oakestra-system,1716830739.814,0.0064859171273527385
mongo-5759468d74-wq286,oakestra-system,1716830740.814,0.006551851445496622
mongo-5759468d74-wq286,oakestra-system,1716830741.814,0.006617785763640504
mongo-5759468d74-wq286,oakestra-system,1716830742.814,0.006683720081784387
mongo-5759468d74-wq286,oakestra-system,1716830743.814,0.00674965439992827
mongo-5759468d74-wq286,oakestra-system,1716830744.814,0.006815588718072154
mongo-5759468d74-wq286,oakestra-system,1716830745.814,0.006881523036216036
mongo-5759468d74-wq286,oakestra-system,1716830746.814,0.006947457354359919
mongo-5759468d74-wq286,oakestra-system,1716830747.814,0.00741084915292197
mongo-5759468d74-wq286,oakestra-system,1716830748.814,0.007476783471065853
mongo-5759468d74-wq286,oakestra-system,1716830749.814,0.007542717789209737
mongo-5759468d74-wq286,oakestra-system,1716830750.814,0.007608652107353619
mongo-5759468d74-wq286,oakestra-system,1716830751.814,0.00702097952973719
mongo-5759468d74-wq286,oakestra-system,1716830752.814,0.00702097952973719
mongo-5759468d74-wq286,oakestra-system,1716830753.814,0.00702097952973719
mongo-5759468d74-wq286,oakestra-system,1716830754.814,0.00702097952973719
mongo-5759468d74-wq286,oakestra-system,1716830755.814,0.00702097952973719
mongo-5759468d74-wq286,oakestra-system,1716830756.814,0.007020979529737189
mongo-5759468d74-wq286,oakestra-system,1716830757.814,0.007020979529737189
mongo-5759468d74-wq286,oakestra-system,1716830758.814,0.007020979529737189
mongo-5759468d74-wq286,oakestra-system,1716830759.814,0.007020979529737189
mongo-5759468d74-wq286,oakestra-system,1716830760.814,0.0076232895259815605
mongo-5759468d74-wq286,oakestra-system,1716830761.814,0.007557355207837677
mongo-5759468d74-wq286,oakestra-system,1716830762.814,0.006251106101773101
mongo-5759468d74-wq286,oakestra-system,1716830763.814,0.00610326768035582
mongo-5759468d74-wq286,oakestra-system,1716830764.814,0.005955429258938541
mongo-5759468d74-wq286,oakestra-system,1716830765.814,0.00580759083752126
mongo-5759468d74-wq286,oakestra-system,1716830766.814,0.00565975241610398
mongo-5759468d74-wq286,oakestra-system,1716830767.814,0.0055119139946866996
mongo-5759468d74-wq286,oakestra-system,1716830768.814,0.00536407557326942
mongo-5759468d74-wq286,oakestra-system,1716830769.814,0.005216237151852139
mongo-5759468d74-wq286,oakestra-system,1716830770.814,0.005068398730434858
mongo-5759468d74-wq286,oakestra-system,1716830771.814,0.004920560309017578
mongo-5759468d74-wq286,oakestra-system,1716830772.814,0.006051770939285639
mongo-5759468d74-wq286,oakestra-system,1716830773.814,0.005985836621141756
mongo-5759468d74-wq286,oakestra-system,1716830774.814,0.005919902302997872
mongo-5759468d74-wq286,oakestra-system,1716830775.814,0.00585396798485399
mongo-5759468d74-wq286,oakestra-system,1716830776.814,0.005788033666710107
mongo-5759468d74-wq286,oakestra-system,1716830777.814,0.005722099348566223
mongo-5759468d74-wq286,oakestra-system,1716830778.814,0.008612611983782912
mongo-5759468d74-wq286,oakestra-system,1716830779.814,0.008612611983782912
mongo-5759468d74-wq286,oakestra-system,1716830780.814,0.008612611983782912
mongo-5759468d74-wq286,oakestra-system,1716830781.814,0.008612611983782912
mongo-5759468d74-wq286,oakestra-system,1716830782.814,0.008612611983782912
mongo-5759468d74-wq286,oakestra-system,1716830783.814,0.008612611983782912
mongo-5759468d74-wq286,oakestra-system,1716830784.814,0.008612611983782912
mongo-5759468d74-wq286,oakestra-system,1716830785.814,0.008612611983782912
mongo-5759468d74-wq286,oakestra-system,1716830786.814,0.008612611983782912
mongo-5759468d74-wq286,oakestra-system,1716830787.814,0.008612611983782912
mongo-5759468d74-wq286,oakestra-system,1716830788.814,0.008612611983782912
mongo-5759468d74-wq286,oakestra-system,1716830789.814,0.008612611983782912
mongo-5759468d74-wq286,oakestra-system,1716830790.814,0.008612611983782912
mongo-5759468d74-wq286,oakestra-system,1716830791.814,0.008612611983782912
mongo-5759468d74-wq286,oakestra-system,1716830792.814,0.008612611983782912
mongo-5759468d74-wq286,oakestra-system,1716830793.814,0.008612611983782912
mongo-5759468d74-wq286,oakestra-system,1716830794.814,0.004133939427434515
mongo-5759468d74-wq286,oakestra-system,1716830797.814,0.002122778646495463
mongo-5759468d74-wq286,oakestra-system,1716830798.814,0.0021945220145775037
mongo-5759468d74-wq286,oakestra-system,1716830799.814,0.005469921740923202
mongo-5759468d74-wq286,oakestra-system,1716830800.814,0.005618719607538397
mongo-5759468d74-wq286,oakestra-system,1716830801.814,0.0070330220308128365
mongo-5759468d74-wq286,oakestra-system,1716830802.814,0.007104765398894878
mongo-5759468d74-wq286,oakestra-system,1716830803.814,0.0071765087669769185
mongo-5759468d74-wq286,oakestra-system,1716830804.814,0.007248252135058959
mongo-5759468d74-wq286,oakestra-system,1716830805.814,0.007319995503141
mongo-5759468d74-wq286,oakestra-system,1716830806.814,0.00739173887122304
mongo-5759468d74-wq286,oakestra-system,1716830807.814,0.007463482239305081
mongo-5759468d74-wq286,oakestra-system,1716830808.814,0.007535225607387122
mongo-5759468d74-wq286,oakestra-system,1716830809.814,0.0076069689754691625
mongo-5759468d74-wq286,oakestra-system,1716830810.814,0.007678712343551204
mongo-5759468d74-wq286,oakestra-system,1716830811.814,0.007750455711633244
mongo-5759468d74-wq286,oakestra-system,1716830812.814,0.007822199079715285
mongo-5759468d74-wq286,oakestra-system,1716830813.814,0.007893942447797326
mongo-5759468d74-wq286,oakestra-system,1716830814.814,0.007965685815879368
mongo-5759468d74-wq286,oakestra-system,1716830815.814,0.008037429183961407
mongo-5759468d74-wq286,oakestra-system,1716830816.814,0.008927871996911656
mongo-5759468d74-wq286,oakestra-system,1716830817.814,0.008927871996911656
mongo-5759468d74-wq286,oakestra-system,1716830818.814,0.008927871996911656
mongo-5759468d74-wq286,oakestra-system,1716830819.814,0.00804840591927796
mongo-5759468d74-wq286,oakestra-system,1716830820.814,0.00797666255119592
mongo-5759468d74-wq286,oakestra-system,1716830821.814,0.007904919183113878
mongo-5759468d74-wq286,oakestra-system,1716830822.814,0.007833175815031838
mongo-5759468d74-wq286,oakestra-system,1716830823.814,0.007761432446949797
mongo-5759468d74-wq286,oakestra-system,1716830824.814,0.007689689078867756
mongo-5759468d74-wq286,oakestra-system,1716830825.814,0.007617945710785715
mongo-5759468d74-wq286,oakestra-system,1716830826.814,0.007546202342703675
mongo-5759468d74-wq286,oakestra-system,1716830827.814,0.007406992553724743
mongo-5759468d74-wq286,oakestra-system,1716830828.814,0.007335249185642703
mongo-5759468d74-wq286,oakestra-system,1716830829.814,0.0072635058175606615
mongo-5759468d74-wq286,oakestra-system,1716830830.814,0.007191762449478621
mongo-5759468d74-wq286,oakestra-system,1716830831.814,0.008950354791222035
mongo-5759468d74-wq286,oakestra-system,1716830832.814,0.00888481276818235
mongo-5759468d74-wq286,oakestra-system,1716830833.814,0.00888481276818235
mongo-5759468d74-wq286,oakestra-system,1716830834.814,0.00888481276818235
mongo-5759468d74-wq286,oakestra-system,1716830835.814,0.00888481276818235
mongo-5759468d74-wq286,oakestra-system,1716830836.814,0.00888481276818235
mongo-5759468d74-wq286,oakestra-system,1716830837.814,0.00888481276818235
mongo-5759468d74-wq286,oakestra-system,1716830838.814,0.00893757964715887
mongo-5759468d74-wq286,oakestra-system,1716830839.814,0.00893757964715887
mongo-5759468d74-wq286,oakestra-system,1716830840.814,0.00893757964715887
mongo-5759468d74-wq286,oakestra-system,1716830841.814,0.00893757964715887
mongo-5759468d74-wq286,oakestra-system,1716830842.814,0.00893757964715887
mongo-5759468d74-wq286,oakestra-system,1716830843.814,0.00893757964715887
mongo-5759468d74-wq286,oakestra-system,1716830844.814,0.00893757964715887
mongo-5759468d74-wq286,oakestra-system,1716830845.814,0.00893757964715887
mongo-5759468d74-wq286,oakestra-system,1716830846.814,0.00893757964715887
mongo-5759468d74-wq286,oakestra-system,1716830847.814,0.00893757964715887
mongo-5759468d74-wq286,oakestra-system,1716830848.814,0.00893757964715887
mongo-5759468d74-wq286,oakestra-system,1716830849.814,0.00893757964715887
mongo-5759468d74-wq286,oakestra-system,1716830850.814,0.00893757964715887
mongo-5759468d74-wq286,oakestra-system,1716830851.814,0.00893757964715887
mongo-5759468d74-wq286,oakestra-system,1716830852.814,0.00893757964715887
mongo-5759468d74-wq286,oakestra-system,1716830853.814,0.00893757964715887
mongo-5759468d74-wq286,oakestra-system,1716830854.814,0.00893757964715887
mongo-5759468d74-wq286,oakestra-system,1716830855.814,0.00893757964715887
mongo-5759468d74-wq286,oakestra-system,1716830856.814,0.00893757964715887
mongo-5759468d74-wq286,oakestra-system,1716830857.814,0.004490261468052636
mongo-5759468d74-wq286,oakestra-system,1716830858.814,0.00475165310919822
mongo-5759468d74-wq286,oakestra-system,1716830859.814,0.004989755687693908
mongo-5759468d74-wq286,oakestra-system,1716830860.814,0.004989755687693908
mongo-5759468d74-wq286,oakestra-system,1716830861.814,0.004989755687693908
mongo-5759468d74-wq286,oakestra-system,1716830862.814,0.004989755687693908
mongo-5759468d74-wq286,oakestra-system,1716830863.814,0.004989755687693908
mongo-5759468d74-wq286,oakestra-system,1716830864.814,0.004989755687693908
mongo-5759468d74-wq286,oakestra-system,1716830865.814,0.004989755687693908
mongo-5759468d74-wq286,oakestra-system,1716830866.814,0.004989755687693908
mongo-5759468d74-wq286,oakestra-system,1716830867.814,0.009959861602906437
mongo-5759468d74-wq286,oakestra-system,1716830868.814,0.009959861602906437
mongo-5759468d74-wq286,oakestra-system,1716830869.814,0.009959861602906437
mongo-5759468d74-wq286,oakestra-system,1716830870.814,0.009959861602906437
mongo-5759468d74-wq286,oakestra-system,1716830871.814,0.009959861602906437
mongo-5759468d74-wq286,oakestra-system,1716830872.814,0.009959861602906437
mongo-5759468d74-wq286,oakestra-system,1716830873.814,0.009959861602906437
mongo-5759468d74-wq286,oakestra-system,1716830874.814,0.009959861602906437
mongo-5759468d74-wq286,oakestra-system,1716830875.814,0.009959861602906437
mongo-5759468d74-wq286,oakestra-system,1716830876.814,0.009959861602906437
mongo-5759468d74-wq286,oakestra-system,1716830877.814,0.009959861602906437
mongo-5759468d74-wq286,oakestra-system,1716830878.814,0.009959861602906437
mongo-5759468d74-wq286,oakestra-system,1716830879.814,0.009959861602906437
mongo-5759468d74-wq286,oakestra-system,1716830880.814,0.009959861602906437
mongo-5759468d74-wq286,oakestra-system,1716830881.814,0.009959861602906437
mongo-5759468d74-wq286,oakestra-system,1716830882.814,0.009959861602906437
mongo-5759468d74-wq286,oakestra-system,1716830883.814,0.009959861602906437
mongo-5759468d74-wq286,oakestra-system,1716830884.814,0.00993864842647067
mongo-5759468d74-wq286,oakestra-system,1716830885.814,0.009829469419756999
mongo-5759468d74-wq286,oakestra-system,1716830886.814,0.009829469419756999
mongo-5759468d74-wq286,oakestra-system,1716830887.814,0.008348586897154177
mongo-5759468d74-wq286,oakestra-system,1716830888.814,0.009704541150565417
mongo-5759468d74-wq286,oakestra-system,1716830889.814,0.009704541150565417
mongo-5759468d74-wq286,oakestra-system,1716830890.814,0.009704541150565417
mongo-5759468d74-wq286,oakestra-system,1716830891.814,0.007442790219614926
mongo-5759468d74-wq286,oakestra-system,1716830892.814,0.007524517186503909
mongo-5759468d74-wq286,oakestra-system,1716830893.814,0.00760624415339289
mongo-5759468d74-wq286,oakestra-system,1716830894.814,0.007687971120281872
mongo-5759468d74-wq286,oakestra-system,1716830895.814,0.007769698087170854
mongo-5759468d74-wq286,oakestra-system,1716830896.814,0.007851425054059835
mongo-5759468d74-wq286,oakestra-system,1716830897.814,0.007933152020948818
mongo-5759468d74-wq286,oakestra-system,1716830898.814,0.008014878987837799
mongo-5759468d74-wq286,oakestra-system,1716830899.814,0.00809660595472678
mongo-5759468d74-wq286,oakestra-system,1716830900.814,0.008178332921615763
mongo-5759468d74-wq286,oakestra-system,1716830901.814,0.008260059888504744
mongo-5759468d74-wq286,oakestra-system,1716830902.814,0.008341786855393725
mongo-5759468d74-wq286,oakestra-system,1716830903.814,0.007525048411788687
mongo-5759468d74-wq286,oakestra-system,1716830904.814,0.007525048411788687
mongo-5759468d74-wq286,oakestra-system,1716830905.814,0.007525048411788687
mongo-5759468d74-wq286,oakestra-system,1716830906.814,0.007525048411788687
mongo-5759468d74-wq286,oakestra-system,1716830907.814,0.007525048411788687
mongo-5759468d74-wq286,oakestra-system,1716830908.814,0.008352166180188626
mongo-5759468d74-wq286,oakestra-system,1716830909.814,0.008270439213299643
mongo-5759468d74-wq286,oakestra-system,1716830910.814,0.008188712246410662
mongo-5759468d74-wq286,oakestra-system,1716830911.814,0.00810698527952168
mongo-5759468d74-wq286,oakestra-system,1716830912.814,0.0080252583126327
mongo-5759468d74-wq286,oakestra-system,1716830913.814,0.007943531345743717
mongo-5759468d74-wq286,oakestra-system,1716830914.814,0.007861804378854736
mongo-5759468d74-wq286,oakestra-system,1716830915.814,0.006447980661420321
mongo-5759468d74-wq286,oakestra-system,1716830916.814,0.006286992887668196
mongo-5759468d74-wq286,oakestra-system,1716830917.814,0.009941042133709993
mongo-5759468d74-wq286,oakestra-system,1716830918.814,0.010103326740515412
mongo-5759468d74-wq286,oakestra-system,1716830919.814,0.010103326740515412
mongo-5759468d74-wq286,oakestra-system,1716830920.814,0.010103326740515412
mongo-5759468d74-wq286,oakestra-system,1716830921.814,0.010103326740515412
mongo-5759468d74-wq286,oakestra-system,1716830922.814,0.010103326740515412
mongo-5759468d74-wq286,oakestra-system,1716830923.814,0.010103326740515412
mongo-5759468d74-wq286,oakestra-system,1716830924.814,0.010103326740515412
mongo-5759468d74-wq286,oakestra-system,1716830925.814,0.010103326740515412
mongo-5759468d74-wq286,oakestra-system,1716830926.814,0.010103326740515412
mongo-5759468d74-wq286,oakestra-system,1716830927.814,0.010149022938618853
mongo-5759468d74-wq286,oakestra-system,1716830928.814,0.010149022938618853
mongo-5759468d74-wq286,oakestra-system,1716830929.814,0.010149022938618853
mongo-5759468d74-wq286,oakestra-system,1716830930.814,0.010149022938618853
mongo-5759468d74-wq286,oakestra-system,1716830931.814,0.010149022938618853
mongo-5759468d74-wq286,oakestra-system,1716830932.814,0.010149022938618853
mongo-5759468d74-wq286,oakestra-system,1716830933.814,0.010149022938618853
mongo-5759468d74-wq286,oakestra-system,1716830934.814,0.010149022938618853
mongo-5759468d74-wq286,oakestra-system,1716830935.814,0.010149022938618853
mongo-5759468d74-wq286,oakestra-system,1716830936.814,0.010149022938618853
mongo-5759468d74-wq286,oakestra-system,1716830937.814,0.010149022938618853
mongo-5759468d74-wq286,oakestra-system,1716830938.814,0.010149022938618853
mongo-5759468d74-wq286,oakestra-system,1716830939.814,0.010149022938618853
mongo-5759468d74-wq286,oakestra-system,1716830940.814,0.010149022938618853
mongo-5759468d74-wq286,oakestra-system,1716830941.814,0.010149022938618853
mongo-5759468d74-wq286,oakestra-system,1716830942.814,0.010149022938618853
mongo-5759468d74-wq286,oakestra-system,1716830943.814,0.010149022938618853
mongo-5759468d74-wq286,oakestra-system,1716830944.814,0.005109748467025401
mongo-5759468d74-wq286,oakestra-system,1716830948.814,0.004129526916802583
mongo-5759468d74-wq286,oakestra-system,1716830949.814,0.004129526916802583
mongo-5759468d74-wq286,oakestra-system,1716830950.814,0.004129526916802583
mongo-5759468d74-wq286,oakestra-system,1716830951.814,0.004129526916802583
mongo-5759468d74-wq286,oakestra-system,1716830952.814,0.004129526916802583
mongo-5759468d74-wq286,oakestra-system,1716830953.814,0.004129526916802583
mongo-5759468d74-wq286,oakestra-system,1716830954.814,0.004129526916802583
mongo-5759468d74-wq286,oakestra-system,1716830955.814,0.004129526916802583
mongo-5759468d74-wq286,oakestra-system,1716830956.814,0.004129526916802583
mongo-5759468d74-wq286,oakestra-system,1716830957.814,0.008634774217831962
mongo-5759468d74-wq286,oakestra-system,1716830958.814,0.008634774217831962
mongo-5759468d74-wq286,oakestra-system,1716830959.814,0.008634774217831962
mongo-5759468d74-wq286,oakestra-system,1716830960.814,0.008634774217831962
mongo-5759468d74-wq286,oakestra-system,1716830961.814,0.008634774217831962
mongo-5759468d74-wq286,oakestra-system,1716830962.814,0.008634774217831962
mongo-5759468d74-wq286,oakestra-system,1716830963.814,0.008634774217831962
mongo-5759468d74-wq286,oakestra-system,1716830964.814,0.008634774217831962
mongo-5759468d74-wq286,oakestra-system,1716830965.814,0.008634774217831962
mongo-5759468d74-wq286,oakestra-system,1716830966.814,0.008634774217831962
mongo-5759468d74-wq286,oakestra-system,1716830967.814,0.008634774217831962
mongo-5759468d74-wq286,oakestra-system,1716830968.814,0.008634774217831962
mongo-5759468d74-wq286,oakestra-system,1716830969.814,0.008634774217831962
mongo-5759468d74-wq286,oakestra-system,1716830970.814,0.008634774217831962
mongo-5759468d74-wq286,oakestra-system,1716830971.814,0.008634774217831962
mongo-5759468d74-wq286,oakestra-system,1716830972.814,0.008634774217831962
mongo-5759468d74-wq286,oakestra-system,1716830973.814,0.008634774217831962
mongo-5759468d74-wq286,oakestra-system,1716830974.814,0.008634774217831962
mongo-5759468d74-wq286,oakestra-system,1716830975.814,0.008634774217831962
mongo-5759468d74-wq286,oakestra-system,1716830976.814,0.008634774217831962
mongo-5759468d74-wq286,oakestra-system,1716830980.814,0.004633939319114805
mongo-5759468d74-wq286,oakestra-system,1716830981.814,0.004633939319114805
mongo-5759468d74-wq286,oakestra-system,1716830982.814,0.004633939319114805
mongo-5759468d74-wq286,oakestra-system,1716830983.814,0.004633939319114805
mongo-5759468d74-wq286,oakestra-system,1716830984.814,0.004633939319114805
mongo-5759468d74-wq286,oakestra-system,1716830985.814,0.004633939319114805
mongo-5759468d74-wq286,oakestra-system,1716830986.814,0.004633939319114805
mongo-5759468d74-wq286,oakestra-system,1716830987.814,0.004633939319114805
mongo-5759468d74-wq286,oakestra-system,1716830988.814,0.008814629292121585
mongo-5759468d74-wq286,oakestra-system,1716830989.814,0.008814629292121585
mongo-5759468d74-wq286,oakestra-system,1716830990.814,0.008814629292121585
mongo-5759468d74-wq286,oakestra-system,1716830991.814,0.008814629292121585
mongo-5759468d74-wq286,oakestra-system,1716830992.814,0.008814629292121585
mongo-5759468d74-wq286,oakestra-system,1716830993.814,0.008814629292121585
mosquitto-559ccc5d46-n2szm,oakestra-system,1716830693.814,0.0006750723708918325
mosquitto-559ccc5d46-n2szm,oakestra-system,1716830694.814,0.0006750723708918325
mosquitto-559ccc5d46-n2szm,oakestra-system,1716830695.814,0.0006750723708918325
mosquitto-559ccc5d46-n2szm,oakestra-system,1716830696.814,0.0006750723708918325
mosquitto-559ccc5d46-n2szm,oakestra-system,1716830697.814,0.0006750723708918325
mosquitto-559ccc5d46-n2szm,oakestra-system,1716830698.814,0.0006750723708918325
mosquitto-559ccc5d46-n2szm,oakestra-system,1716830699.814,0.0006750723708918325
mosquitto-559ccc5d46-n2szm,oakestra-system,1716830700.814,0.0006750723708918325
mosquitto-559ccc5d46-n2szm,oakestra-system,1716830701.814,0.0006750723708918325
mosquitto-559ccc5d46-n2szm,oakestra-system,1716830702.814,0.0005846751988825131
mosquitto-559ccc5d46-n2szm,oakestra-system,1716830703.814,0.0005789549450060769
mosquitto-559ccc5d46-n2szm,oakestra-system,1716830704.814,0.0005732346911296409
mosquitto-559ccc5d46-n2szm,oakestra-system,1716830705.814,0.0005675144372532048
mosquitto-559ccc5d46-n2szm,oakestra-system,1716830706.814,0.0005617941833767686
mosquitto-559ccc5d46-n2szm,oakestra-system,1716830707.814,0.0005560739295003326
mosquitto-559ccc5d46-n2szm,oakestra-system,1716830708.814,0.0005497590864421495
mosquitto-559ccc5d46-n2szm,oakestra-system,1716830709.814,0.00023185514370381336
mosquitto-559ccc5d46-n2szm,oakestra-system,1716830710.814,0.00023736461650052015
mosquitto-559ccc5d46-n2szm,oakestra-system,1716830711.814,0.0006665189511929396
mosquitto-559ccc5d46-n2szm,oakestra-system,1716830712.814,0.0006665189511929396
mosquitto-559ccc5d46-n2szm,oakestra-system,1716830713.814,0.0006665189511929396
mosquitto-559ccc5d46-n2szm,oakestra-system,1716830714.814,0.0006665189511929396
mosquitto-559ccc5d46-n2szm,oakestra-system,1716830715.814,0.0006665189511929396
mosquitto-559ccc5d46-n2szm,oakestra-system,1716830716.814,0.0006665189511929396
mosquitto-559ccc5d46-n2szm,oakestra-system,1716830717.814,0.0006665189511929396
mosquitto-559ccc5d46-n2szm,oakestra-system,1716830718.814,0.0006665189511929396
mosquitto-559ccc5d46-n2szm,oakestra-system,1716830719.814,0.0006665189511929396
mosquitto-559ccc5d46-n2szm,oakestra-system,1716830720.814,0.0006665189511929396
mosquitto-559ccc5d46-n2szm,oakestra-system,1716830721.814,0.0006665189511929396
mosquitto-559ccc5d46-n2szm,oakestra-system,1716830722.814,0.0006665189511929396
mosquitto-559ccc5d46-n2szm,oakestra-system,1716830723.814,0.0006665189511929396
mosquitto-559ccc5d46-n2szm,oakestra-system,1716830724.814,0.0006665189511929396
mosquitto-559ccc5d46-n2szm,oakestra-system,1716830725.814,0.0006665189511929396
mosquitto-559ccc5d46-n2szm,oakestra-system,1716830726.814,0.0006665189511929396
mosquitto-559ccc5d46-n2szm,oakestra-system,1716830727.814,0.0006665189511929396
mosquitto-559ccc5d46-n2szm,oakestra-system,1716830728.814,0.0006665189511929396
mosquitto-559ccc5d46-n2szm,oakestra-system,1716830729.814,0.0006665189511929396
mosquitto-559ccc5d46-n2szm,oakestra-system,1716830730.814,0.0006665189511929396
mosquitto-559ccc5d46-n2szm,oakestra-system,1716830731.814,0.0006665189511929396
mosquitto-559ccc5d46-n2szm,oakestra-system,1716830732.814,0.0006665189511929396
mosquitto-559ccc5d46-n2szm,oakestra-system,1716830733.814,0.0006665189511929396
mosquitto-559ccc5d46-n2szm,oakestra-system,1716830734.814,0.00033056836780240957
mosquitto-559ccc5d46-n2szm,oakestra-system,1716830735.814,0.00033056836780240957
mosquitto-559ccc5d46-n2szm,oakestra-system,1716830736.814,0.00033056836780240957
mosquitto-559ccc5d46-n2szm,oakestra-system,1716830737.814,0.0002406813191241377
mosquitto-559ccc5d46-n2szm,oakestra-system,1716830738.814,0.00023517184632743088
mosquitto-559ccc5d46-n2szm,oakestra-system,1716830739.814,0.0007556911117749642
mosquitto-559ccc5d46-n2szm,oakestra-system,1716830740.814,0.0007501816389782575
mosquitto-559ccc5d46-n2szm,oakestra-system,1716830741.814,0.0010436970617869418
mosquitto-559ccc5d46-n2szm,oakestra-system,1716830742.814,0.0010436970617869418
mosquitto-559ccc5d46-n2szm,oakestra-system,1716830743.814,0.0010436970617869418
mosquitto-559ccc5d46-n2szm,oakestra-system,1716830744.814,0.0010436970617869418
mosquitto-559ccc5d46-n2szm,oakestra-system,1716830745.814,0.0010436970617869418
mosquitto-559ccc5d46-n2szm,oakestra-system,1716830746.814,0.0010436970617869418
mosquitto-559ccc5d46-n2szm,oakestra-system,1716830747.814,0.0010436970617869418
mosquitto-559ccc5d46-n2szm,oakestra-system,1716830748.814,0.0010436970617869418
mosquitto-559ccc5d46-n2szm,oakestra-system,1716830749.814,0.0010436970617869418
mosquitto-559ccc5d46-n2szm,oakestra-system,1716830750.814,0.0010436970617869418
mosquitto-559ccc5d46-n2szm,oakestra-system,1716830751.814,0.0010436970617869418
mosquitto-559ccc5d46-n2szm,oakestra-system,1716830752.814,0.0010436970617869418
mosquitto-559ccc5d46-n2szm,oakestra-system,1716830753.814,0.0010436970617869418
mosquitto-559ccc5d46-n2szm,oakestra-system,1716830754.814,0.0010436970617869418
mosquitto-559ccc5d46-n2szm,oakestra-system,1716830755.814,0.0010436970617869418
mosquitto-559ccc5d46-n2szm,oakestra-system,1716830756.814,0.0010436970617869418
mosquitto-559ccc5d46-n2szm,oakestra-system,1716830757.814,0.0010436970617869418
mosquitto-559ccc5d46-n2szm,oakestra-system,1716830758.814,0.0010436970617869418
mosquitto-559ccc5d46-n2szm,oakestra-system,1716830759.814,0.0010436970617869418
mosquitto-559ccc5d46-n2szm,oakestra-system,1716830760.814,0.0010436970617869418
mosquitto-559ccc5d46-n2szm,oakestra-system,1716830761.814,0.0010436970617869418
mosquitto-559ccc5d46-n2szm,oakestra-system,1716830762.814,0.0010436970617869418
mosquitto-559ccc5d46-n2szm,oakestra-system,1716830763.814,0.0010436970617869416
mosquitto-559ccc5d46-n2szm,oakestra-system,1716830764.814,0.0010436970617869416
mosquitto-559ccc5d46-n2szm,oakestra-system,1716830765.814,0.0010436970617869416
mosquitto-559ccc5d46-n2szm,oakestra-system,1716830766.814,0.0010436970617869416
mosquitto-559ccc5d46-n2szm,oakestra-system,1716830767.814,0.0010436970617869416
mosquitto-559ccc5d46-n2szm,oakestra-system,1716830768.814,0.00041511682939227647
mosquitto-559ccc5d46-n2szm,oakestra-system,1716830769.814,0.00041511682939227647
mosquitto-559ccc5d46-n2szm,oakestra-system,1716830770.814,0.00041511682939227647
mosquitto-559ccc5d46-n2szm,oakestra-system,1716830771.814,0.00030359277227026563
mosquitto-559ccc5d46-n2szm,oakestra-system,1716830772.814,0.0006023441260321318
mosquitto-559ccc5d46-n2szm,oakestra-system,1716830773.814,0.0006023441260321318
mosquitto-559ccc5d46-n2szm,oakestra-system,1716830774.814,0.0006023441260321318
mosquitto-559ccc5d46-n2szm,oakestra-system,1716830775.814,0.0006023441260321318
mosquitto-559ccc5d46-n2szm,oakestra-system,1716830776.814,0.0006023441260321318
mosquitto-559ccc5d46-n2szm,oakestra-system,1716830777.814,0.0006023441260321318
mosquitto-559ccc5d46-n2szm,oakestra-system,1716830778.814,0.0006023441260321318
mosquitto-559ccc5d46-n2szm,oakestra-system,1716830779.814,0.0006023441260321318
mosquitto-559ccc5d46-n2szm,oakestra-system,1716830780.814,0.0006023441260321318
mosquitto-559ccc5d46-n2szm,oakestra-system,1716830781.814,0.0006023441260321318
mosquitto-559ccc5d46-n2szm,oakestra-system,1716830782.814,0.0006023441260321318
mosquitto-559ccc5d46-n2szm,oakestra-system,1716830783.814,0.0006023441260321318
mosquitto-559ccc5d46-n2szm,oakestra-system,1716830784.814,0.0006023441260321318
mosquitto-559ccc5d46-n2szm,oakestra-system,1716830785.814,0.0006023441260321319
mosquitto-559ccc5d46-n2szm,oakestra-system,1716830786.814,0.0006023441260321319
mosquitto-559ccc5d46-n2szm,oakestra-system,1716830787.814,0.0006023441260321319
mosquitto-559ccc5d46-n2szm,oakestra-system,1716830788.814,0.0006023441260321319
mosquitto-559ccc5d46-n2szm,oakestra-system,1716830789.814,0.0006023441260321319
mosquitto-559ccc5d46-n2szm,oakestra-system,1716830790.814,0.0006023441260321319
mosquitto-559ccc5d46-n2szm,oakestra-system,1716830791.814,0.0006023441260321319
mosquitto-559ccc5d46-n2szm,oakestra-system,1716830792.814,0.0006023441260321319
mosquitto-559ccc5d46-n2szm,oakestra-system,1716830793.814,0.0006023441260321319
mosquitto-559ccc5d46-n2szm,oakestra-system,1716830794.814,0.0006023441260321319
mosquitto-559ccc5d46-n2szm,oakestra-system,1716830795.814,0.0006023441260321319
mosquitto-559ccc5d46-n2szm,oakestra-system,1716830796.814,0.0006023441260321319
mosquitto-559ccc5d46-n2szm,oakestra-system,1716830797.814,0.0006023441260321319
mosquitto-559ccc5d46-n2szm,oakestra-system,1716830798.814,0.0006453393736947456
mosquitto-559ccc5d46-n2szm,oakestra-system,1716830799.814,0.000685370887671268
mosquitto-559ccc5d46-n2szm,oakestra-system,1716830800.814,0.000685370887671268
mosquitto-559ccc5d46-n2szm,oakestra-system,1716830801.814,0.0003866195339094018
mosquitto-559ccc5d46-n2szm,oakestra-system,1716830802.814,0.0003866195339094018
mosquitto-559ccc5d46-n2szm,oakestra-system,1716830803.814,0.00076719805960199
mosquitto-559ccc5d46-n2szm,oakestra-system,1716830804.814,0.00076719805960199
mosquitto-559ccc5d46-n2szm,oakestra-system,1716830805.814,0.00076719805960199
mosquitto-559ccc5d46-n2szm,oakestra-system,1716830806.814,0.00076719805960199
mosquitto-559ccc5d46-n2szm,oakestra-system,1716830807.814,0.00076719805960199
mosquitto-559ccc5d46-n2szm,oakestra-system,1716830808.814,0.00076719805960199
mosquitto-559ccc5d46-n2szm,oakestra-system,1716830809.814,0.00076719805960199
mosquitto-559ccc5d46-n2szm,oakestra-system,1716830810.814,0.00076719805960199
mosquitto-559ccc5d46-n2szm,oakestra-system,1716830811.814,0.00076719805960199
mosquitto-559ccc5d46-n2szm,oakestra-system,1716830812.814,0.00076719805960199
mosquitto-559ccc5d46-n2szm,oakestra-system,1716830813.814,0.00076719805960199
mosquitto-559ccc5d46-n2szm,oakestra-system,1716830814.814,0.00076719805960199
mosquitto-559ccc5d46-n2szm,oakestra-system,1716830815.814,0.00076719805960199
mosquitto-559ccc5d46-n2szm,oakestra-system,1716830816.814,0.00076719805960199
mosquitto-559ccc5d46-n2szm,oakestra-system,1716830817.814,0.00076719805960199
mosquitto-559ccc5d46-n2szm,oakestra-system,1716830818.814,0.00076719805960199
mosquitto-559ccc5d46-n2szm,oakestra-system,1716830819.814,0.00076719805960199
mosquitto-559ccc5d46-n2szm,oakestra-system,1716830820.814,0.00076719805960199
mosquitto-559ccc5d46-n2szm,oakestra-system,1716830821.814,0.00076719805960199
mosquitto-559ccc5d46-n2szm,oakestra-system,1716830822.814,0.00076719805960199
mosquitto-559ccc5d46-n2szm,oakestra-system,1716830823.814,0.00076719805960199
mosquitto-559ccc5d46-n2szm,oakestra-system,1716830824.814,0.00076719805960199
mosquitto-559ccc5d46-n2szm,oakestra-system,1716830825.814,0.00076719805960199
mosquitto-559ccc5d46-n2szm,oakestra-system,1716830826.814,0.00076719805960199
mosquitto-559ccc5d46-n2szm,oakestra-system,1716830827.814,0.00076719805960199
mosquitto-559ccc5d46-n2szm,oakestra-system,1716830828.814,0.0003805785256925882
mosquitto-559ccc5d46-n2szm,oakestra-system,1716830829.814,0.0003805785256925882
mosquitto-559ccc5d46-n2szm,oakestra-system,1716830830.814,0.0003805785256925882
mosquitto-559ccc5d46-n2szm,oakestra-system,1716830831.814,0.0003805785256925882
mosquitto-559ccc5d46-n2szm,oakestra-system,1716830836.814,0.00040597150328192485
mosquitto-559ccc5d46-n2szm,oakestra-system,1716830837.814,0.00040597150328192485
mosquitto-559ccc5d46-n2szm,oakestra-system,1716830838.814,0.0008287182843978073
mosquitto-559ccc5d46-n2szm,oakestra-system,1716830839.814,0.0008287182843978073
mosquitto-559ccc5d46-n2szm,oakestra-system,1716830840.814,0.0008287182843978073
mosquitto-559ccc5d46-n2szm,oakestra-system,1716830841.814,0.0008287182843978073
mosquitto-559ccc5d46-n2szm,oakestra-system,1716830842.814,0.0008287182843978073
mosquitto-559ccc5d46-n2szm,oakestra-system,1716830843.814,0.0008287182843978073
mosquitto-559ccc5d46-n2szm,oakestra-system,1716830844.814,0.0008287182843978073
mosquitto-559ccc5d46-n2szm,oakestra-system,1716830845.814,0.0008287182843978073
mosquitto-559ccc5d46-n2szm,oakestra-system,1716830846.814,0.0008287182843978073
mosquitto-559ccc5d46-n2szm,oakestra-system,1716830847.814,0.0008287182843978073
mosquitto-559ccc5d46-n2szm,oakestra-system,1716830848.814,0.0008287182843978073
mosquitto-559ccc5d46-n2szm,oakestra-system,1716830849.814,0.0008287182843978073
mosquitto-559ccc5d46-n2szm,oakestra-system,1716830850.814,0.0008287182843978073
mosquitto-559ccc5d46-n2szm,oakestra-system,1716830851.814,0.0008287182843978073
mosquitto-559ccc5d46-n2szm,oakestra-system,1716830852.814,0.0008287182843978072
mosquitto-559ccc5d46-n2szm,oakestra-system,1716830853.814,0.0008287182843978072
mosquitto-559ccc5d46-n2szm,oakestra-system,1716830854.814,0.0008287182843978072
mosquitto-559ccc5d46-n2szm,oakestra-system,1716830855.814,0.0008287182843978072
mosquitto-559ccc5d46-n2szm,oakestra-system,1716830856.814,0.0008287182843978072
mosquitto-559ccc5d46-n2szm,oakestra-system,1716830857.814,0.0008287182843978072
mosquitto-559ccc5d46-n2szm,oakestra-system,1716830858.814,0.0004227467811158824
mosquitto-559ccc5d46-n2szm,oakestra-system,1716830859.814,0.0004227467811158824
mosquitto-559ccc5d46-n2szm,oakestra-system,1716830860.814,0.0004227467811158824
mosquitto-559ccc5d46-n2szm,oakestra-system,1716830861.814,0.0004227467811158824
mosquitto-559ccc5d46-n2szm,oakestra-system,1716830862.814,0.0004227467811158824
mosquitto-559ccc5d46-n2szm,oakestra-system,1716830866.814,0.00030543538366457435
mosquitto-559ccc5d46-n2szm,oakestra-system,1716830867.814,0.0006041977264212336
mosquitto-559ccc5d46-n2szm,oakestra-system,1716830868.814,0.0006041977264212336
mosquitto-559ccc5d46-n2szm,oakestra-system,1716830869.814,0.0006041977264212336
mosquitto-559ccc5d46-n2szm,oakestra-system,1716830870.814,0.0006041977264212336
mosquitto-559ccc5d46-n2szm,oakestra-system,1716830871.814,0.0006041977264212336
mosquitto-559ccc5d46-n2szm,oakestra-system,1716830872.814,0.0006041977264212336
mosquitto-559ccc5d46-n2szm,oakestra-system,1716830873.814,0.0006041977264212336
mosquitto-559ccc5d46-n2szm,oakestra-system,1716830874.814,0.0006041977264212336
mosquitto-559ccc5d46-n2szm,oakestra-system,1716830875.814,0.0006041977264212336
mosquitto-559ccc5d46-n2szm,oakestra-system,1716830876.814,0.0006041977264212336
mosquitto-559ccc5d46-n2szm,oakestra-system,1716830877.814,0.0006041977264212336
mosquitto-559ccc5d46-n2szm,oakestra-system,1716830878.814,0.0006041977264212336
mosquitto-559ccc5d46-n2szm,oakestra-system,1716830879.814,0.0006041977264212336
mosquitto-559ccc5d46-n2szm,oakestra-system,1716830880.814,0.0006041977264212336
mosquitto-559ccc5d46-n2szm,oakestra-system,1716830881.814,0.0006041977264212336
mosquitto-559ccc5d46-n2szm,oakestra-system,1716830882.814,0.0006041977264212336
mosquitto-559ccc5d46-n2szm,oakestra-system,1716830883.814,0.0006041977264212336
mosquitto-559ccc5d46-n2szm,oakestra-system,1716830884.814,0.0006041977264212336
mosquitto-559ccc5d46-n2szm,oakestra-system,1716830885.814,0.0006041977264212336
mosquitto-559ccc5d46-n2szm,oakestra-system,1716830886.814,0.0006041977264212336
mosquitto-559ccc5d46-n2szm,oakestra-system,1716830887.814,0.0006041977264212336
mosquitto-559ccc5d46-n2szm,oakestra-system,1716830888.814,0.0006041977264212336
mosquitto-559ccc5d46-n2szm,oakestra-system,1716830889.814,0.0006041977264212336
mosquitto-559ccc5d46-n2szm,oakestra-system,1716830890.814,0.0006041977264212336
mosquitto-559ccc5d46-n2szm,oakestra-system,1716830891.814,0.0006041977264212336
mosquitto-559ccc5d46-n2szm,oakestra-system,1716830892.814,0.0006041977264212336
mosquitto-559ccc5d46-n2szm,oakestra-system,1716830893.814,0.0006102837909819586
mosquitto-559ccc5d46-n2szm,oakestra-system,1716830894.814,0.0006302741566361861
mosquitto-559ccc5d46-n2szm,oakestra-system,1716830895.814,0.0006302741566361861
mosquitto-559ccc5d46-n2szm,oakestra-system,1716830896.814,0.0006522409083003357
mosquitto-559ccc5d46-n2szm,oakestra-system,1716830897.814,0.0006522409083003357
mosquitto-559ccc5d46-n2szm,oakestra-system,1716830898.814,0.0005741502315273509
mosquitto-559ccc5d46-n2szm,oakestra-system,1716830899.814,0.0005793503216640141
mosquitto-559ccc5d46-n2szm,oakestra-system,1716830900.814,0.0006593979091827375
mosquitto-559ccc5d46-n2szm,oakestra-system,1716830901.814,0.0006593979091827375
mosquitto-559ccc5d46-n2szm,oakestra-system,1716830902.814,0.0006593979091827375
mosquitto-559ccc5d46-n2szm,oakestra-system,1716830903.814,0.0006593979091827375
mosquitto-559ccc5d46-n2szm,oakestra-system,1716830904.814,0.0006593979091827375
mosquitto-559ccc5d46-n2szm,oakestra-system,1716830905.814,0.0006593979091827375
mosquitto-559ccc5d46-n2szm,oakestra-system,1716830906.814,0.0006593979091827375
mosquitto-559ccc5d46-n2szm,oakestra-system,1716830907.814,0.0006593979091827375
mosquitto-559ccc5d46-n2szm,oakestra-system,1716830908.814,0.0006593979091827375
mosquitto-559ccc5d46-n2szm,oakestra-system,1716830909.814,0.0006593979091827375
mosquitto-559ccc5d46-n2szm,oakestra-system,1716830910.814,0.0006593979091827375
mosquitto-559ccc5d46-n2szm,oakestra-system,1716830911.814,0.0006593979091827375
mosquitto-559ccc5d46-n2szm,oakestra-system,1716830912.814,0.0008491554762563803
mosquitto-559ccc5d46-n2szm,oakestra-system,1716830913.814,0.0008491554762563803
mosquitto-559ccc5d46-n2szm,oakestra-system,1716830914.814,0.0008491554762563803
mosquitto-559ccc5d46-n2szm,oakestra-system,1716830915.814,0.0008491554762563803
mosquitto-559ccc5d46-n2szm,oakestra-system,1716830916.814,0.0008491554762563803
mosquitto-559ccc5d46-n2szm,oakestra-system,1716830917.814,0.0008491554762563803
mosquitto-559ccc5d46-n2szm,oakestra-system,1716830918.814,0.0008491554762563803
mosquitto-559ccc5d46-n2szm,oakestra-system,1716830919.814,0.0008491554762563803
mosquitto-559ccc5d46-n2szm,oakestra-system,1716830920.814,0.0008491554762563803
mosquitto-559ccc5d46-n2szm,oakestra-system,1716830921.814,0.0009641218554937128
mosquitto-559ccc5d46-n2szm,oakestra-system,1716830922.814,0.0009641218554937128
mosquitto-559ccc5d46-n2szm,oakestra-system,1716830923.814,0.0009641218554937128
mosquitto-559ccc5d46-n2szm,oakestra-system,1716830924.814,0.0009641218554937128
mosquitto-559ccc5d46-n2szm,oakestra-system,1716830925.814,0.0009641218554937128
mosquitto-559ccc5d46-n2szm,oakestra-system,1716830926.814,0.0010855051444937447
mosquitto-559ccc5d46-n2szm,oakestra-system,1716830927.814,0.0011394471021408505
mosquitto-559ccc5d46-n2szm,oakestra-system,1716830928.814,0.0011519135624091684
mosquitto-559ccc5d46-n2szm,oakestra-system,1716830929.814,0.0011643800226774862
mosquitto-559ccc5d46-n2szm,oakestra-system,1716830930.814,0.001176846482945804
mosquitto-559ccc5d46-n2szm,oakestra-system,1716830931.814,0.0013317297853193844
mosquitto-559ccc5d46-n2szm,oakestra-system,1716830932.814,0.0013317297853193844
mosquitto-559ccc5d46-n2szm,oakestra-system,1716830933.814,0.0011844260907889412
mosquitto-559ccc5d46-n2szm,oakestra-system,1716830934.814,0.0011719596305206233
mosquitto-559ccc5d46-n2szm,oakestra-system,1716830935.814,0.0011594931702523055
mosquitto-559ccc5d46-n2szm,oakestra-system,1716830936.814,0.0011470267099839876
mosquitto-559ccc5d46-n2szm,oakestra-system,1716830937.814,0.00113456024971567
mosquitto-559ccc5d46-n2szm,oakestra-system,1716830938.814,0.0011220937894473521
mosquitto-559ccc5d46-n2szm,oakestra-system,1716830939.814,0.0011096273291790343
mosquitto-559ccc5d46-n2szm,oakestra-system,1716830940.814,0.0010971608689107166
mosquitto-559ccc5d46-n2szm,oakestra-system,1716830941.814,0.0010846944086423988
mosquitto-559ccc5d46-n2szm,oakestra-system,1716830942.814,0.001072227948374081
mosquitto-559ccc5d46-n2szm,oakestra-system,1716830943.814,0.001059761488105763
mosquitto-559ccc5d46-n2szm,oakestra-system,1716830944.814,0.0010472950278374452
mosquitto-559ccc5d46-n2szm,oakestra-system,1716830945.814,0.0010348285675691273
mosquitto-559ccc5d46-n2szm,oakestra-system,1716830946.814,0.0010223621073008095
mosquitto-559ccc5d46-n2szm,oakestra-system,1716830947.814,0.0010098956470324918
mosquitto-559ccc5d46-n2szm,oakestra-system,1716830948.814,0.000997429186764174
mosquitto-559ccc5d46-n2szm,oakestra-system,1716830949.814,0.0009849627264958561
mosquitto-559ccc5d46-n2szm,oakestra-system,1716830950.814,0.0008141172866819132
mosquitto-559ccc5d46-n2szm,oakestra-system,1716830951.814,0.0007919217902599234
mosquitto-559ccc5d46-n2szm,oakestra-system,1716830952.814,0.0007697262938379337
mosquitto-559ccc5d46-n2szm,oakestra-system,1716830953.814,0.0004695301967610357
mosquitto-559ccc5d46-n2szm,oakestra-system,1716830954.814,0.00037525310737983244
mosquitto-559ccc5d46-n2szm,oakestra-system,1716830955.814,0.0007874127405790477
mosquitto-559ccc5d46-n2szm,oakestra-system,1716830956.814,0.0007874127405790477
mosquitto-559ccc5d46-n2szm,oakestra-system,1716830957.814,0.0007874127405790477
mosquitto-559ccc5d46-n2szm,oakestra-system,1716830958.814,0.0007874127405790477
mosquitto-559ccc5d46-n2szm,oakestra-system,1716830959.814,0.0007874127405790477
mosquitto-559ccc5d46-n2szm,oakestra-system,1716830960.814,0.0007874127405790477
mosquitto-559ccc5d46-n2szm,oakestra-system,1716830961.814,0.0007874127405790477
mosquitto-559ccc5d46-n2szm,oakestra-system,1716830962.814,0.0007874127405790477
mosquitto-559ccc5d46-n2szm,oakestra-system,1716830963.814,0.0007874127405790477
mosquitto-559ccc5d46-n2szm,oakestra-system,1716830964.814,0.0007874127405790477
mosquitto-559ccc5d46-n2szm,oakestra-system,1716830965.814,0.0007874127405790477
mosquitto-559ccc5d46-n2szm,oakestra-system,1716830966.814,0.0007874127405790477
mosquitto-559ccc5d46-n2szm,oakestra-system,1716830967.814,0.0007874127405790477
mosquitto-559ccc5d46-n2szm,oakestra-system,1716830968.814,0.0007874127405790477
mosquitto-559ccc5d46-n2szm,oakestra-system,1716830969.814,0.0007874127405790477
mosquitto-559ccc5d46-n2szm,oakestra-system,1716830970.814,0.0008478426687309642
mosquitto-559ccc5d46-n2szm,oakestra-system,1716830971.814,0.0008478426687309642
mosquitto-559ccc5d46-n2szm,oakestra-system,1716830972.814,0.0004356830355317489
mosquitto-559ccc5d46-n2szm,oakestra-system,1716830973.814,0.0004356830355317489
mosquitto-559ccc5d46-n2szm,oakestra-system,1716830974.814,0.0004356830355317489
mosquitto-559ccc5d46-n2szm,oakestra-system,1716830975.814,0.0004356830355317489
mosquitto-559ccc5d46-n2szm,oakestra-system,1716830976.814,0.0004356830355317489
mosquitto-559ccc5d46-n2szm,oakestra-system,1716830977.814,0.0004356830355317489
mosquitto-559ccc5d46-n2szm,oakestra-system,1716830978.814,0.0004356830355317489
mosquitto-559ccc5d46-n2szm,oakestra-system,1716830979.814,0.0004356830355317489
mosquitto-559ccc5d46-n2szm,oakestra-system,1716830980.814,0.0004356830355317489
mosquitto-559ccc5d46-n2szm,oakestra-system,1716830981.814,0.00033829217222783846
mosquitto-559ccc5d46-n2szm,oakestra-system,1716830982.814,0.0003474765335355566
mosquitto-559ccc5d46-n2szm,oakestra-system,1716830983.814,0.0003566608948432748
mosquitto-559ccc5d46-n2szm,oakestra-system,1716830984.814,0.000365845256150993
mosquitto-559ccc5d46-n2szm,oakestra-system,1716830985.814,0.0007545319095346769
mosquitto-559ccc5d46-n2szm,oakestra-system,1716830986.814,0.0007637162708423951
mosquitto-559ccc5d46-n2szm,oakestra-system,1716830987.814,0.0007729006321501133
mosquitto-559ccc5d46-n2szm,oakestra-system,1716830988.814,0.0006883356254092979
mosquitto-559ccc5d46-n2szm,oakestra-system,1716830989.814,0.0006883356254092979
mosquitto-559ccc5d46-n2szm,oakestra-system,1716830990.814,0.0006883356254092979
mosquitto-559ccc5d46-n2szm,oakestra-system,1716830991.814,0.0006883356254092979
mosquitto-559ccc5d46-n2szm,oakestra-system,1716830992.814,0.0006883356254092979
mosquitto-559ccc5d46-n2szm,oakestra-system,1716830993.814,0.0006883356254092979
node-netmanager-h5p2x,oakestra-system,1716830693.814,0.009096946500090842
node-netmanager-h5p2x,oakestra-system,1716830694.814,0.009096946500090842
node-netmanager-h5p2x,oakestra-system,1716830695.814,0.009096946500090842
node-netmanager-h5p2x,oakestra-system,1716830696.814,0.009096946500090842
node-netmanager-h5p2x,oakestra-system,1716830697.814,0.009096946500090842
node-netmanager-h5p2x,oakestra-system,1716830698.814,0.009096946500090842
node-netmanager-h5p2x,oakestra-system,1716830699.814,0.009096946500090842
node-netmanager-h5p2x,oakestra-system,1716830700.814,0.009096946500090842
node-netmanager-h5p2x,oakestra-system,1716830701.814,0.009096946500090842
node-netmanager-h5p2x,oakestra-system,1716830702.814,0.009096946500090842
node-netmanager-h5p2x,oakestra-system,1716830703.814,0.00433329101388923
node-netmanager-h5p2x,oakestra-system,1716830704.814,0.00433329101388923
node-netmanager-h5p2x,oakestra-system,1716830705.814,0.00433329101388923
node-netmanager-h5p2x,oakestra-system,1716830706.814,0.00433329101388923
node-netmanager-h5p2x,oakestra-system,1716830707.814,0.00433329101388923
node-netmanager-h5p2x,oakestra-system,1716830708.814,0.00433329101388923
node-netmanager-h5p2x,oakestra-system,1716830713.814,0.003979732203678468
node-netmanager-h5p2x,oakestra-system,1716830714.814,0.004079783293596724
node-netmanager-h5p2x,oakestra-system,1716830715.814,0.0041798343835149805
node-netmanager-h5p2x,oakestra-system,1716830716.814,0.004279885473433236
node-netmanager-h5p2x,oakestra-system,1716830717.814,0.004379936563351492
node-netmanager-h5p2x,oakestra-system,1716830718.814,0.00600306539509536
node-netmanager-h5p2x,oakestra-system,1716830719.814,0.011533586390429736
node-netmanager-h5p2x,oakestra-system,1716830720.814,0.011533586390429736
node-netmanager-h5p2x,oakestra-system,1716830721.814,0.011533586390429736
node-netmanager-h5p2x,oakestra-system,1716830722.814,0.011533586390429736
node-netmanager-h5p2x,oakestra-system,1716830723.814,0.011533586390429736
node-netmanager-h5p2x,oakestra-system,1716830724.814,0.011533586390429736
node-netmanager-h5p2x,oakestra-system,1716830725.814,0.011533586390429736
node-netmanager-h5p2x,oakestra-system,1716830726.814,0.011533586390429736
node-netmanager-h5p2x,oakestra-system,1716830727.814,0.011533586390429736
node-netmanager-h5p2x,oakestra-system,1716830728.814,0.011533586390429736
node-netmanager-h5p2x,oakestra-system,1716830729.814,0.011533586390429736
node-netmanager-h5p2x,oakestra-system,1716830730.814,0.011533586390429736
node-netmanager-h5p2x,oakestra-system,1716830731.814,0.011533586390429736
node-netmanager-h5p2x,oakestra-system,1716830732.814,0.011533586390429736
node-netmanager-h5p2x,oakestra-system,1716830733.814,0.011533586390429736
node-netmanager-h5p2x,oakestra-system,1716830734.814,0.011533586390429736
node-netmanager-h5p2x,oakestra-system,1716830735.814,0.011533586390429736
node-netmanager-h5p2x,oakestra-system,1716830736.814,0.011533586390429736
node-netmanager-h5p2x,oakestra-system,1716830737.814,0.011533586390429736
node-netmanager-h5p2x,oakestra-system,1716830738.814,0.011533586390429736
node-netmanager-h5p2x,oakestra-system,1716830739.814,0.011533586390429736
node-netmanager-h5p2x,oakestra-system,1716830740.814,0.011533586390429736
node-netmanager-h5p2x,oakestra-system,1716830741.814,0.011533586390429736
node-netmanager-h5p2x,oakestra-system,1716830742.814,0.009939872579121836
node-netmanager-h5p2x,oakestra-system,1716830743.814,0.010201903712712034
node-netmanager-h5p2x,oakestra-system,1716830744.814,0.010201903712712034
node-netmanager-h5p2x,oakestra-system,1716830745.814,0.010201903712712034
node-netmanager-h5p2x,oakestra-system,1716830746.814,0.010201903712712034
node-netmanager-h5p2x,oakestra-system,1716830747.814,0.009002694938012359
node-netmanager-h5p2x,oakestra-system,1716830748.814,0.008059775157252896
node-netmanager-h5p2x,oakestra-system,1716830749.814,0.007035624111596926
node-netmanager-h5p2x,oakestra-system,1716830750.814,0.007035624111596926
node-netmanager-h5p2x,oakestra-system,1716830751.814,0.007035624111596926
node-netmanager-h5p2x,oakestra-system,1716830752.814,0.007035624111596926
node-netmanager-h5p2x,oakestra-system,1716830753.814,0.007035624111596926
node-netmanager-h5p2x,oakestra-system,1716830754.814,0.007035624111596926
node-netmanager-h5p2x,oakestra-system,1716830755.814,0.007035624111596926
node-netmanager-h5p2x,oakestra-system,1716830756.814,0.007035624111596926
node-netmanager-h5p2x,oakestra-system,1716830757.814,0.007035624111596926
node-netmanager-h5p2x,oakestra-system,1716830758.814,0.007035624111596926
node-netmanager-h5p2x,oakestra-system,1716830759.814,0.007035624111596926
node-netmanager-h5p2x,oakestra-system,1716830760.814,0.007035624111596926
node-netmanager-h5p2x,oakestra-system,1716830761.814,0.007035624111596926
node-netmanager-h5p2x,oakestra-system,1716830762.814,0.007035624111596926
node-netmanager-h5p2x,oakestra-system,1716830763.814,0.007035624111596926
node-netmanager-h5p2x,oakestra-system,1716830764.814,0.007035624111596926
node-netmanager-h5p2x,oakestra-system,1716830765.814,0.007035624111596926
node-netmanager-h5p2x,oakestra-system,1716830766.814,0.007035624111596926
node-netmanager-h5p2x,oakestra-system,1716830767.814,0.007568448614252533
node-netmanager-h5p2x,oakestra-system,1716830768.814,0.007568448614252533
node-netmanager-h5p2x,oakestra-system,1716830769.814,0.007568448614252533
node-netmanager-h5p2x,oakestra-system,1716830770.814,0.007568448614252533
node-netmanager-h5p2x,oakestra-system,1716830771.814,0.007568448614252533
node-netmanager-h5p2x,oakestra-system,1716830772.814,0.007985784079599295
node-netmanager-h5p2x,oakestra-system,1716830773.814,0.008410221711641094
node-netmanager-h5p2x,oakestra-system,1716830774.814,0.008410221711641094
node-netmanager-h5p2x,oakestra-system,1716830775.814,0.008410221711641094
node-netmanager-h5p2x,oakestra-system,1716830776.814,0.008410221711641094
node-netmanager-h5p2x,oakestra-system,1716830777.814,0.008410221711641094
node-netmanager-h5p2x,oakestra-system,1716830778.814,0.008410221711641094
node-netmanager-h5p2x,oakestra-system,1716830779.814,0.007663383380559776
node-netmanager-h5p2x,oakestra-system,1716830780.814,0.007745038114052218
node-netmanager-h5p2x,oakestra-system,1716830781.814,0.00782669284754466
node-netmanager-h5p2x,oakestra-system,1716830782.814,0.007908347581037102
node-netmanager-h5p2x,oakestra-system,1716830783.814,0.007990002314529544
node-netmanager-h5p2x,oakestra-system,1716830784.814,0.008071657048021987
node-netmanager-h5p2x,oakestra-system,1716830785.814,0.008153311781514428
node-netmanager-h5p2x,oakestra-system,1716830786.814,0.00823496651500687
node-netmanager-h5p2x,oakestra-system,1716830787.814,0.009213231049613073
node-netmanager-h5p2x,oakestra-system,1716830788.814,0.008208102107687859
node-netmanager-h5p2x,oakestra-system,1716830789.814,0.008126447374195416
node-netmanager-h5p2x,oakestra-system,1716830790.814,0.008044792640702974
node-netmanager-h5p2x,oakestra-system,1716830791.814,0.007963137907210531
node-netmanager-h5p2x,oakestra-system,1716830792.814,0.007881483173718088
node-netmanager-h5p2x,oakestra-system,1716830793.814,0.007799828440225647
node-netmanager-h5p2x,oakestra-system,1716830794.814,0.007718173706733205
node-netmanager-h5p2x,oakestra-system,1716830795.814,0.007636518973240762
node-netmanager-h5p2x,oakestra-system,1716830796.814,0.007554864239748321
node-netmanager-h5p2x,oakestra-system,1716830797.814,0.009432138306139527
node-netmanager-h5p2x,oakestra-system,1716830798.814,0.009432138306139527
node-netmanager-h5p2x,oakestra-system,1716830799.814,0.009432138306139527
node-netmanager-h5p2x,oakestra-system,1716830800.814,0.009432138306139527
node-netmanager-h5p2x,oakestra-system,1716830801.814,0.009432138306139527
node-netmanager-h5p2x,oakestra-system,1716830802.814,0.009432138306139527
node-netmanager-h5p2x,oakestra-system,1716830803.814,0.010367408211686285
node-netmanager-h5p2x,oakestra-system,1716830804.814,0.010367408211686285
node-netmanager-h5p2x,oakestra-system,1716830805.814,0.010367408211686285
node-netmanager-h5p2x,oakestra-system,1716830806.814,0.010367408211686285
node-netmanager-h5p2x,oakestra-system,1716830807.814,0.010367408211686285
node-netmanager-h5p2x,oakestra-system,1716830808.814,0.010503998863675371
node-netmanager-h5p2x,oakestra-system,1716830809.814,0.010503998863675371
node-netmanager-h5p2x,oakestra-system,1716830810.814,0.010503998863675371
node-netmanager-h5p2x,oakestra-system,1716830811.814,0.010503998863675371
node-netmanager-h5p2x,oakestra-system,1716830812.814,0.010503998863675371
node-netmanager-h5p2x,oakestra-system,1716830813.814,0.010503998863675371
node-netmanager-h5p2x,oakestra-system,1716830814.814,0.010503998863675371
node-netmanager-h5p2x,oakestra-system,1716830815.814,0.010503998863675371
node-netmanager-h5p2x,oakestra-system,1716830816.814,0.010503998863675371
node-netmanager-h5p2x,oakestra-system,1716830817.814,0.010503998863675371
node-netmanager-h5p2x,oakestra-system,1716830818.814,0.010503998863675371
node-netmanager-h5p2x,oakestra-system,1716830819.814,0.010503998863675371
node-netmanager-h5p2x,oakestra-system,1716830820.814,0.010503998863675371
node-netmanager-h5p2x,oakestra-system,1716830821.814,0.010503998863675371
node-netmanager-h5p2x,oakestra-system,1716830822.814,0.010503998863675371
node-netmanager-h5p2x,oakestra-system,1716830823.814,0.010503998863675371
node-netmanager-h5p2x,oakestra-system,1716830824.814,0.010503998863675371
node-netmanager-h5p2x,oakestra-system,1716830825.814,0.010503998863675371
node-netmanager-h5p2x,oakestra-system,1716830826.814,0.010503998863675371
node-netmanager-h5p2x,oakestra-system,1716830827.814,0.008439060669801369
node-netmanager-h5p2x,oakestra-system,1716830828.814,0.008439060669801369
node-netmanager-h5p2x,oakestra-system,1716830829.814,0.008439060669801369
node-netmanager-h5p2x,oakestra-system,1716830830.814,0.008439060669801369
node-netmanager-h5p2x,oakestra-system,1716830831.814,0.008439060669801369
node-netmanager-h5p2x,oakestra-system,1716830832.814,0.003189843724188066
node-netmanager-h5p2x,oakestra-system,1716830833.814,0.003189843724188066
node-netmanager-h5p2x,oakestra-system,1716830834.814,0.003189843724188066
node-netmanager-h5p2x,oakestra-system,1716830835.814,0.003189843724188066
node-netmanager-h5p2x,oakestra-system,1716830836.814,0.003189843724188066
node-netmanager-h5p2x,oakestra-system,1716830837.814,0.003189843724188066
node-netmanager-h5p2x,oakestra-system,1716830838.814,0.003189843724188066
node-netmanager-h5p2x,oakestra-system,1716830839.814,0.007694453573524708
node-netmanager-h5p2x,oakestra-system,1716830840.814,0.007694453573524708
node-netmanager-h5p2x,oakestra-system,1716830841.814,0.007694453573524707
node-netmanager-h5p2x,oakestra-system,1716830842.814,0.007694453573524707
node-netmanager-h5p2x,oakestra-system,1716830843.814,0.007694453573524707
node-netmanager-h5p2x,oakestra-system,1716830844.814,0.007694453573524707
node-netmanager-h5p2x,oakestra-system,1716830845.814,0.007694453573524707
node-netmanager-h5p2x,oakestra-system,1716830846.814,0.007694453573524707
node-netmanager-h5p2x,oakestra-system,1716830847.814,0.007694453573524707
node-netmanager-h5p2x,oakestra-system,1716830848.814,0.007694453573524707
node-netmanager-h5p2x,oakestra-system,1716830849.814,0.007694453573524707
node-netmanager-h5p2x,oakestra-system,1716830850.814,0.007694453573524707
node-netmanager-h5p2x,oakestra-system,1716830851.814,0.007694453573524707
node-netmanager-h5p2x,oakestra-system,1716830852.814,0.007694453573524707
node-netmanager-h5p2x,oakestra-system,1716830853.814,0.007694453573524707
node-netmanager-h5p2x,oakestra-system,1716830854.814,0.007694453573524707
node-netmanager-h5p2x,oakestra-system,1716830855.814,0.007694453573524707
node-netmanager-h5p2x,oakestra-system,1716830856.814,0.007694453573524707
node-netmanager-h5p2x,oakestra-system,1716830857.814,0.004504609849336642
node-netmanager-h5p2x,oakestra-system,1716830858.814,0.004504609849336642
node-netmanager-h5p2x,oakestra-system,1716830859.814,0.004504609849336642
node-netmanager-h5p2x,oakestra-system,1716830860.814,0.009665200711163047
node-netmanager-h5p2x,oakestra-system,1716830861.814,0.009665200711163047
node-netmanager-h5p2x,oakestra-system,1716830862.814,0.009665200711163047
node-netmanager-h5p2x,oakestra-system,1716830863.814,0.005160590861826405
node-netmanager-h5p2x,oakestra-system,1716830864.814,0.005160590861826405
node-netmanager-h5p2x,oakestra-system,1716830865.814,0.005160590861826405
node-netmanager-h5p2x,oakestra-system,1716830866.814,0.007931679673247389
node-netmanager-h5p2x,oakestra-system,1716830867.814,0.007998545543101306
node-netmanager-h5p2x,oakestra-system,1716830868.814,0.008065411412955224
node-netmanager-h5p2x,oakestra-system,1716830869.814,0.009172543053061467
node-netmanager-h5p2x,oakestra-system,1716830870.814,0.009172543053061467
node-netmanager-h5p2x,oakestra-system,1716830871.814,0.009172543053061467
node-netmanager-h5p2x,oakestra-system,1716830872.814,0.009172543053061467
node-netmanager-h5p2x,oakestra-system,1716830873.814,0.009172543053061467
node-netmanager-h5p2x,oakestra-system,1716830874.814,0.009172543053061467
node-netmanager-h5p2x,oakestra-system,1716830875.814,0.009172543053061467
node-netmanager-h5p2x,oakestra-system,1716830876.814,0.009172543053061467
node-netmanager-h5p2x,oakestra-system,1716830877.814,0.009172543053061467
node-netmanager-h5p2x,oakestra-system,1716830878.814,0.009172543053061467
node-netmanager-h5p2x,oakestra-system,1716830879.814,0.009172543053061467
node-netmanager-h5p2x,oakestra-system,1716830880.814,0.009172543053061467
node-netmanager-h5p2x,oakestra-system,1716830881.814,0.009172543053061467
node-netmanager-h5p2x,oakestra-system,1716830882.814,0.009172543053061467
node-netmanager-h5p2x,oakestra-system,1716830883.814,0.009172543053061467
node-netmanager-h5p2x,oakestra-system,1716830884.814,0.009172543053061467
node-netmanager-h5p2x,oakestra-system,1716830885.814,0.009172543053061467
node-netmanager-h5p2x,oakestra-system,1716830886.814,0.009172543053061467
node-netmanager-h5p2x,oakestra-system,1716830887.814,0.0072502102874560225
node-netmanager-h5p2x,oakestra-system,1716830888.814,0.0073289617003018635
node-netmanager-h5p2x,oakestra-system,1716830889.814,0.007407713113147704
node-netmanager-h5p2x,oakestra-system,1716830890.814,0.008737036961985491
node-netmanager-h5p2x,oakestra-system,1716830891.814,0.008737036961985491
node-netmanager-h5p2x,oakestra-system,1716830892.814,0.008737036961985491
node-netmanager-h5p2x,oakestra-system,1716830893.814,0.008737036961985491
node-netmanager-h5p2x,oakestra-system,1716830894.814,0.008737036961985491
node-netmanager-h5p2x,oakestra-system,1716830895.814,0.008737036961985491
node-netmanager-h5p2x,oakestra-system,1716830896.814,0.0076187387216136455
node-netmanager-h5p2x,oakestra-system,1716830897.814,0.007551872851759728
node-netmanager-h5p2x,oakestra-system,1716830898.814,0.007485006981905811
node-netmanager-h5p2x,oakestra-system,1716830899.814,0.0047250847707504305
node-netmanager-h5p2x,oakestra-system,1716830900.814,0.010773889225385186
node-netmanager-h5p2x,oakestra-system,1716830901.814,0.010773889225385186
node-netmanager-h5p2x,oakestra-system,1716830902.814,0.010773889225385186
node-netmanager-h5p2x,oakestra-system,1716830903.814,0.010773889225385186
node-netmanager-h5p2x,oakestra-system,1716830904.814,0.010773889225385186
node-netmanager-h5p2x,oakestra-system,1716830905.814,0.010773889225385186
node-netmanager-h5p2x,oakestra-system,1716830906.814,0.010773889225385186
node-netmanager-h5p2x,oakestra-system,1716830907.814,0.010773889225385186
node-netmanager-h5p2x,oakestra-system,1716830908.814,0.010773889225385186
node-netmanager-h5p2x,oakestra-system,1716830909.814,0.010773889225385186
node-netmanager-h5p2x,oakestra-system,1716830910.814,0.010773889225385186
node-netmanager-h5p2x,oakestra-system,1716830911.814,0.010773889225385186
node-netmanager-h5p2x,oakestra-system,1716830912.814,0.010773889225385186
node-netmanager-h5p2x,oakestra-system,1716830913.814,0.010773889225385186
node-netmanager-h5p2x,oakestra-system,1716830914.814,0.011096984266588835
node-netmanager-h5p2x,oakestra-system,1716830915.814,0.011096984266588835
node-netmanager-h5p2x,oakestra-system,1716830916.814,0.011096984266588835
node-netmanager-h5p2x,oakestra-system,1716830917.814,0.011096984266588835
node-netmanager-h5p2x,oakestra-system,1716830918.814,0.011096984266588835
node-netmanager-h5p2x,oakestra-system,1716830919.814,0.011096984266588835
node-netmanager-h5p2x,oakestra-system,1716830920.814,0.011424191711549358
node-netmanager-h5p2x,oakestra-system,1716830921.814,0.011424191711549358
node-netmanager-h5p2x,oakestra-system,1716830922.814,0.011424191711549358
node-netmanager-h5p2x,oakestra-system,1716830923.814,0.011424191711549358
node-netmanager-h5p2x,oakestra-system,1716830924.814,0.011424191711549358
node-netmanager-h5p2x,oakestra-system,1716830925.814,0.011424191711549358
node-netmanager-h5p2x,oakestra-system,1716830926.814,0.005375387256914603
node-netmanager-h5p2x,oakestra-system,1716830927.814,0.005375387256914603
node-netmanager-h5p2x,oakestra-system,1716830928.814,0.005375387256914603
node-netmanager-h5p2x,oakestra-system,1716830929.814,0.00924003808484839
node-netmanager-h5p2x,oakestra-system,1716830930.814,0.00924003808484839
node-netmanager-h5p2x,oakestra-system,1716830931.814,0.00924003808484839
node-netmanager-h5p2x,oakestra-system,1716830932.814,0.00924003808484839
node-netmanager-h5p2x,oakestra-system,1716830933.814,0.00924003808484839
node-netmanager-h5p2x,oakestra-system,1716830934.814,0.00924003808484839
node-netmanager-h5p2x,oakestra-system,1716830935.814,0.00924003808484839
node-netmanager-h5p2x,oakestra-system,1716830936.814,0.00924003808484839
node-netmanager-h5p2x,oakestra-system,1716830937.814,0.00924003808484839
node-netmanager-h5p2x,oakestra-system,1716830938.814,0.00924003808484839
node-netmanager-h5p2x,oakestra-system,1716830939.814,0.00924003808484839
node-netmanager-h5p2x,oakestra-system,1716830940.814,0.00924003808484839
node-netmanager-h5p2x,oakestra-system,1716830941.814,0.00924003808484839
node-netmanager-h5p2x,oakestra-system,1716830942.814,0.00924003808484839
node-netmanager-h5p2x,oakestra-system,1716830943.814,0.007785503088021105
node-netmanager-h5p2x,oakestra-system,1716830944.814,0.007695913300405862
node-netmanager-h5p2x,oakestra-system,1716830945.814,0.007606323512790619
node-netmanager-h5p2x,oakestra-system,1716830946.814,0.007516733725175375
node-netmanager-h5p2x,oakestra-system,1716830947.814,0.003864650827933786
node-netmanager-h5p2x,oakestra-system,1716830948.814,0.003864650827933786
node-netmanager-h5p2x,oakestra-system,1716830949.814,0.008000408952209031
node-netmanager-h5p2x,oakestra-system,1716830950.814,0.008000408952209031
node-netmanager-h5p2x,oakestra-system,1716830951.814,0.008000408952209031
node-netmanager-h5p2x,oakestra-system,1716830952.814,0.008000408952209031
node-netmanager-h5p2x,oakestra-system,1716830953.814,0.008000408952209031
node-netmanager-h5p2x,oakestra-system,1716830954.814,0.008000408952209031
node-netmanager-h5p2x,oakestra-system,1716830955.814,0.008000408952209031
node-netmanager-h5p2x,oakestra-system,1716830956.814,0.008000408952209031
node-netmanager-h5p2x,oakestra-system,1716830957.814,0.008000408952209031
node-netmanager-h5p2x,oakestra-system,1716830958.814,0.008945370744903543
node-netmanager-h5p2x,oakestra-system,1716830959.814,0.008945370744903543
node-netmanager-h5p2x,oakestra-system,1716830960.814,0.009886910985077966
node-netmanager-h5p2x,oakestra-system,1716830961.814,0.009886910985077966
node-netmanager-h5p2x,oakestra-system,1716830962.814,0.009886910985077966
node-netmanager-h5p2x,oakestra-system,1716830963.814,0.009886910985077966
node-netmanager-h5p2x,oakestra-system,1716830964.814,0.009886910985077966
node-netmanager-h5p2x,oakestra-system,1716830965.814,0.009886910985077966
node-netmanager-h5p2x,oakestra-system,1716830966.814,0.009886910985077966
node-netmanager-h5p2x,oakestra-system,1716830967.814,0.009886910985077966
node-netmanager-h5p2x,oakestra-system,1716830968.814,0.009886910985077966
node-netmanager-h5p2x,oakestra-system,1716830969.814,0.009886910985077966
node-netmanager-h5p2x,oakestra-system,1716830970.814,0.009886910985077966
node-netmanager-h5p2x,oakestra-system,1716830971.814,0.009886910985077966
node-netmanager-h5p2x,oakestra-system,1716830972.814,0.009886910985077966
node-netmanager-h5p2x,oakestra-system,1716830973.814,0.009886910985077966
node-netmanager-h5p2x,oakestra-system,1716830974.814,0.0057511528608027215
node-netmanager-h5p2x,oakestra-system,1716830975.814,0.0057511528608027215
node-netmanager-h5p2x,oakestra-system,1716830976.814,0.0057511528608027215
node-netmanager-h5p2x,oakestra-system,1716830977.814,0.0057511528608027215
node-netmanager-h5p2x,oakestra-system,1716830978.814,0.004607097772529234
node-netmanager-h5p2x,oakestra-system,1716830979.814,0.004607097772529234
node-netmanager-h5p2x,oakestra-system,1716830980.814,0.004607097772529234
node-netmanager-h5p2x,oakestra-system,1716830981.814,0.004607097772529234
node-netmanager-h5p2x,oakestra-system,1716830982.814,0.004607097772529235
node-netmanager-h5p2x,oakestra-system,1716830983.814,0.004607097772529235
node-netmanager-h5p2x,oakestra-system,1716830984.814,0.004607097772529235
node-netmanager-h5p2x,oakestra-system,1716830985.814,0.004607097772529235
node-netmanager-h5p2x,oakestra-system,1716830986.814,0.004607097772529235
node-netmanager-h5p2x,oakestra-system,1716830987.814,0.004607097772529235
node-netmanager-h5p2x,oakestra-system,1716830988.814,0.00952860553306142
node-netmanager-h5p2x,oakestra-system,1716830989.814,0.006930511677060276
node-netmanager-h5p2x,oakestra-system,1716830990.814,0.0069791599624241234
node-netmanager-h5p2x,oakestra-system,1716830991.814,0.007027808247787971
node-netmanager-h5p2x,oakestra-system,1716830992.814,0.007076456533151816
node-netmanager-h5p2x,oakestra-system,1716830993.814,0.007125104818515663
node-netmanager-kgf4p,oakestra-system,1716830693.814,0.00006281302439563858
node-netmanager-kgf4p,oakestra-system,1716830694.814,0.00006281302439563858
node-netmanager-kgf4p,oakestra-system,1716830695.814,0.00006281302439563858
node-netmanager-kgf4p,oakestra-system,1716830696.814,0.00006281302439563858
node-netmanager-kgf4p,oakestra-system,1716830697.814,0.00006281302439563858
node-netmanager-kgf4p,oakestra-system,1716830698.814,0.00006281302439563858
node-netmanager-kgf4p,oakestra-system,1716830699.814,0.00006281302439563858
node-netmanager-kgf4p,oakestra-system,1716830700.814,0.00006281302439563858
node-netmanager-kgf4p,oakestra-system,1716830701.814,0.00006281302439563858
node-netmanager-kgf4p,oakestra-system,1716830702.814,0.00006281302439563858
node-netmanager-kgf4p,oakestra-system,1716830703.814,0.00006281302439563858
node-netmanager-kgf4p,oakestra-system,1716830704.814,0.00006281302439563858
node-netmanager-kgf4p,oakestra-system,1716830705.814,0.00005964473134223332
node-netmanager-kgf4p,oakestra-system,1716830706.814,0.000027809019337517804
node-netmanager-kgf4p,oakestra-system,1716830707.814,0.000027809019337517804
node-netmanager-kgf4p,oakestra-system,1716830708.814,0.000027809019337517804
node-netmanager-kgf4p,oakestra-system,1716830709.814,0.000027809019337517804
node-netmanager-kgf4p,oakestra-system,1716830710.814,0.000015605997337733813
node-netmanager-kgf4p,oakestra-system,1716830711.814,0.00001599593280666924
node-netmanager-kgf4p,oakestra-system,1716830712.814,0.00001638586827560467
node-netmanager-kgf4p,oakestra-system,1716830713.814,0.00004383771830608301
node-netmanager-kgf4p,oakestra-system,1716830714.814,0.00004489852439642338
node-netmanager-kgf4p,oakestra-system,1716830715.814,0.00004595933048676374
node-netmanager-kgf4p,oakestra-system,1716830716.814,0.00004702013657710411
node-netmanager-kgf4p,oakestra-system,1716830717.814,0.00006364836542042187
node-netmanager-kgf4p,oakestra-system,1716830718.814,0.00006364836542042187
node-netmanager-kgf4p,oakestra-system,1716830719.814,0.00006364836542042187
node-netmanager-kgf4p,oakestra-system,1716830720.814,0.00006364836542042187
node-netmanager-kgf4p,oakestra-system,1716830721.814,0.00006364836542042187
node-netmanager-kgf4p,oakestra-system,1716830722.814,0.00006364836542042187
node-netmanager-kgf4p,oakestra-system,1716830723.814,0.00006364836542042187
node-netmanager-kgf4p,oakestra-system,1716830724.814,0.00006364836542042187
node-netmanager-kgf4p,oakestra-system,1716830725.814,0.00006364836542042187
node-netmanager-kgf4p,oakestra-system,1716830726.814,0.00006364836542042187
node-netmanager-kgf4p,oakestra-system,1716830727.814,0.00006364836542042187
node-netmanager-kgf4p,oakestra-system,1716830728.814,0.00006364836542042187
node-netmanager-kgf4p,oakestra-system,1716830729.814,0.00006364836542042187
node-netmanager-kgf4p,oakestra-system,1716830730.814,0.000058210325370648345
node-netmanager-kgf4p,oakestra-system,1716830731.814,0.00005782038990171291
node-netmanager-kgf4p,oakestra-system,1716830732.814,0.000057430454432777484
node-netmanager-kgf4p,oakestra-system,1716830733.814,0.000057040518963842057
node-netmanager-kgf4p,oakestra-system,1716830734.814,0.00005665058349490663
node-netmanager-kgf4p,oakestra-system,1716830735.814,0.000056260648025971195
node-netmanager-kgf4p,oakestra-system,1716830736.814,0.00005587071255703576
node-netmanager-kgf4p,oakestra-system,1716830737.814,0.000055480777088100333
node-netmanager-kgf4p,oakestra-system,1716830738.814,0.0000550908416191649
node-netmanager-kgf4p,oakestra-system,1716830739.814,0.0001357752692152393
node-netmanager-kgf4p,oakestra-system,1716830740.814,0.00013538533374630386
node-netmanager-kgf4p,oakestra-system,1716830741.814,0.00013499539827736842
node-netmanager-kgf4p,oakestra-system,1716830742.814,0.00012132660034930584
node-netmanager-kgf4p,oakestra-system,1716830743.814,0.00012132660034930584
node-netmanager-kgf4p,oakestra-system,1716830744.814,0.00012132660034930584
node-netmanager-kgf4p,oakestra-system,1716830745.814,0.00012132660034930584
node-netmanager-kgf4p,oakestra-system,1716830746.814,0.00035437047636777857
node-netmanager-kgf4p,oakestra-system,1716830747.814,0.00035437047636777857
node-netmanager-kgf4p,oakestra-system,1716830748.814,0.00035437047636777857
node-netmanager-kgf4p,oakestra-system,1716830749.814,0.00035437047636777857
node-netmanager-kgf4p,oakestra-system,1716830750.814,0.00035437047636777857
node-netmanager-kgf4p,oakestra-system,1716830751.814,0.00035437047636777857
node-netmanager-kgf4p,oakestra-system,1716830752.814,0.00035437047636777857
node-netmanager-kgf4p,oakestra-system,1716830753.814,0.00035437047636777857
node-netmanager-kgf4p,oakestra-system,1716830754.814,0.00035437047636777857
node-netmanager-kgf4p,oakestra-system,1716830755.814,0.00035437047636777857
node-netmanager-kgf4p,oakestra-system,1716830756.814,0.00035437047636777857
node-netmanager-kgf4p,oakestra-system,1716830757.814,0.00035437047636777857
node-netmanager-kgf4p,oakestra-system,1716830758.814,0.00035437047636777857
node-netmanager-kgf4p,oakestra-system,1716830759.814,0.00035437047636777857
node-netmanager-kgf4p,oakestra-system,1716830760.814,0.00035437047636777857
node-netmanager-kgf4p,oakestra-system,1716830761.814,0.00035437047636777857
node-netmanager-kgf4p,oakestra-system,1716830762.814,0.00035437047636777857
node-netmanager-kgf4p,oakestra-system,1716830763.814,0.00035437047636777857
node-netmanager-kgf4p,oakestra-system,1716830764.814,0.00035437047636777857
node-netmanager-kgf4p,oakestra-system,1716830765.814,0.0002032985912266645
node-netmanager-kgf4p,oakestra-system,1716830766.814,0.0002032985912266645
node-netmanager-kgf4p,oakestra-system,1716830767.814,0.0002032985912266645
node-netmanager-kgf4p,oakestra-system,1716830768.814,0.0001479861270186698
node-netmanager-kgf4p,oakestra-system,1716830769.814,0.00014459781716489204
node-netmanager-kgf4p,oakestra-system,1716830770.814,0.00014120950731111428
node-netmanager-kgf4p,oakestra-system,1716830771.814,0.00013782119745733655
node-netmanager-kgf4p,oakestra-system,1716830772.814,0.00013443288760355882
node-netmanager-kgf4p,oakestra-system,1716830773.814,0.000020460484402461967
node-netmanager-kgf4p,oakestra-system,1716830774.814,0.000020954162395041577
node-netmanager-kgf4p,oakestra-system,1716830775.814,0.000021447840387621183
node-netmanager-kgf4p,oakestra-system,1716830776.814,0.00005503000709773238
node-netmanager-kgf4p,oakestra-system,1716830777.814,0.00005503000709773239
node-netmanager-kgf4p,oakestra-system,1716830778.814,0.00005503000709773239
node-netmanager-kgf4p,oakestra-system,1716830779.814,0.00005503000709773239
node-netmanager-kgf4p,oakestra-system,1716830780.814,0.00005503000709773239
node-netmanager-kgf4p,oakestra-system,1716830781.814,0.00005503000709773239
node-netmanager-kgf4p,oakestra-system,1716830782.814,0.00005503000709773239
node-netmanager-kgf4p,oakestra-system,1716830783.814,0.00005503000709773239
node-netmanager-kgf4p,oakestra-system,1716830784.814,0.00005503000709773239
node-netmanager-kgf4p,oakestra-system,1716830785.814,0.00005503000709773239
node-netmanager-kgf4p,oakestra-system,1716830786.814,0.00005503000709773239
node-netmanager-kgf4p,oakestra-system,1716830787.814,0.00005503000709773239
node-netmanager-kgf4p,oakestra-system,1716830788.814,0.00005503000709773239
node-netmanager-kgf4p,oakestra-system,1716830789.814,0.00005503000709773239
node-netmanager-kgf4p,oakestra-system,1716830790.814,0.00005503000709773239
node-netmanager-kgf4p,oakestra-system,1716830791.814,0.00005503000709773239
node-netmanager-kgf4p,oakestra-system,1716830792.814,0.00005503000709773239
node-netmanager-kgf4p,oakestra-system,1716830793.814,0.00005503000709773239
node-netmanager-kgf4p,oakestra-system,1716830794.814,0.00005503000709773239
node-netmanager-kgf4p,oakestra-system,1716830795.814,0.00005503000709773239
node-netmanager-kgf4p,oakestra-system,1716830796.814,0.00005503000709773239
node-netmanager-kgf4p,oakestra-system,1716830797.814,0.00005503000709773239
node-netmanager-kgf4p,oakestra-system,1716830798.814,0.00005503000709773239
node-netmanager-kgf4p,oakestra-system,1716830799.814,0.00002962067955477664
node-netmanager-kgf4p,oakestra-system,1716830800.814,0.00010696141952584322
node-netmanager-kgf4p,oakestra-system,1716830801.814,0.00010696141952584322
node-netmanager-kgf4p,oakestra-system,1716830802.814,0.00010696141952584322
node-netmanager-kgf4p,oakestra-system,1716830803.814,0.00010696141952584322
node-netmanager-kgf4p,oakestra-system,1716830804.814,0.0002364153367428327
node-netmanager-kgf4p,oakestra-system,1716830805.814,0.0002394827107098494
node-netmanager-kgf4p,oakestra-system,1716830806.814,0.0003691919790337337
node-netmanager-kgf4p,oakestra-system,1716830807.814,0.0003691919790337337
node-netmanager-kgf4p,oakestra-system,1716830808.814,0.0003691919790337337
node-netmanager-kgf4p,oakestra-system,1716830809.814,0.0003691919790337337
node-netmanager-kgf4p,oakestra-system,1716830810.814,0.0003691919790337337
node-netmanager-kgf4p,oakestra-system,1716830811.814,0.0003691919790337337
node-netmanager-kgf4p,oakestra-system,1716830812.814,0.0003691919790337337
node-netmanager-kgf4p,oakestra-system,1716830813.814,0.0003691919790337337
node-netmanager-kgf4p,oakestra-system,1716830814.814,0.0003691919790337337
node-netmanager-kgf4p,oakestra-system,1716830815.814,0.0003691919790337337
node-netmanager-kgf4p,oakestra-system,1716830816.814,0.0003691919790337337
node-netmanager-kgf4p,oakestra-system,1716830817.814,0.0003691919790337337
node-netmanager-kgf4p,oakestra-system,1716830818.814,0.0003691919790337337
node-netmanager-kgf4p,oakestra-system,1716830819.814,0.0003691919790337337
node-netmanager-kgf4p,oakestra-system,1716830820.814,0.0003691919790337337
node-netmanager-kgf4p,oakestra-system,1716830821.814,0.0003691919790337337
node-netmanager-kgf4p,oakestra-system,1716830822.814,0.0003691919790337337
node-netmanager-kgf4p,oakestra-system,1716830823.814,0.0003691919790337337
node-netmanager-kgf4p,oakestra-system,1716830824.814,0.0003691919790337337
node-netmanager-kgf4p,oakestra-system,1716830825.814,0.0003691919790337337
node-netmanager-kgf4p,oakestra-system,1716830826.814,0.0003691919790337337
node-netmanager-kgf4p,oakestra-system,1716830827.814,0.0003010893054612557
node-netmanager-kgf4p,oakestra-system,1716830828.814,0.0003010893054612557
node-netmanager-kgf4p,oakestra-system,1716830829.814,0.0003010893054612557
node-netmanager-kgf4p,oakestra-system,1716830830.814,0.00024877530264810847
node-netmanager-kgf4p,oakestra-system,1716830831.814,0.0002190060560761234
node-netmanager-kgf4p,oakestra-system,1716830832.814,0.0002190060560761234
node-netmanager-kgf4p,oakestra-system,1716830833.814,0.00014648460060523796
node-netmanager-kgf4p,oakestra-system,1716830834.814,0.00014648460060523796
node-netmanager-kgf4p,oakestra-system,1716830835.814,0.00014648460060523796
node-netmanager-kgf4p,oakestra-system,1716830836.814,0.00005687212101139134
node-netmanager-kgf4p,oakestra-system,1716830837.814,0.000057465331728920855
node-netmanager-kgf4p,oakestra-system,1716830838.814,0.00006613747920848493
node-netmanager-kgf4p,oakestra-system,1716830839.814,0.00006613747920848493
node-netmanager-kgf4p,oakestra-system,1716830840.814,0.00006613747920848493
node-netmanager-kgf4p,oakestra-system,1716830841.814,0.00006613747920848493
node-netmanager-kgf4p,oakestra-system,1716830842.814,0.00006613747920848493
node-netmanager-kgf4p,oakestra-system,1716830843.814,0.00006613747920848493
node-netmanager-kgf4p,oakestra-system,1716830844.814,0.00006613747920848493
node-netmanager-kgf4p,oakestra-system,1716830845.814,0.00006613747920848493
node-netmanager-kgf4p,oakestra-system,1716830846.814,0.00006613747920848493
node-netmanager-kgf4p,oakestra-system,1716830847.814,0.00006613747920848493
node-netmanager-kgf4p,oakestra-system,1716830848.814,0.00006613747920848493
node-netmanager-kgf4p,oakestra-system,1716830849.814,0.00006613747920848493
node-netmanager-kgf4p,oakestra-system,1716830850.814,0.00006613747920848493
node-netmanager-kgf4p,oakestra-system,1716830851.814,0.00006613747920848493
node-netmanager-kgf4p,oakestra-system,1716830852.814,0.00006613747920848493
node-netmanager-kgf4p,oakestra-system,1716830853.814,0.00005759227882247218
node-netmanager-kgf4p,oakestra-system,1716830854.814,0.00005699906810494265
node-netmanager-kgf4p,oakestra-system,1716830855.814,0.00005640585738741313
node-netmanager-kgf4p,oakestra-system,1716830856.814,0.00005581264666988361
node-netmanager-kgf4p,oakestra-system,1716830857.814,0.00005521943595235409
node-netmanager-kgf4p,oakestra-system,1716830858.814,0.00005462622523482457
node-netmanager-kgf4p,oakestra-system,1716830859.814,0.00014695525913924548
node-netmanager-kgf4p,oakestra-system,1716830860.814,0.00011641042298253185
node-netmanager-kgf4p,oakestra-system,1716830861.814,0.00011641042298253185
node-netmanager-kgf4p,oakestra-system,1716830862.814,0.00011641042298253185
node-netmanager-kgf4p,oakestra-system,1716830863.814,0.00011641042298253185
node-netmanager-kgf4p,oakestra-system,1716830864.814,0.00034617671375957804
node-netmanager-kgf4p,oakestra-system,1716830865.814,0.00034617671375957804
node-netmanager-kgf4p,oakestra-system,1716830866.814,0.00034617671375957804
node-netmanager-kgf4p,oakestra-system,1716830867.814,0.00034617671375957804
node-netmanager-kgf4p,oakestra-system,1716830868.814,0.00034617671375957804
node-netmanager-kgf4p,oakestra-system,1716830869.814,0.00034617671375957804
node-netmanager-kgf4p,oakestra-system,1716830870.814,0.00034617671375957804
node-netmanager-kgf4p,oakestra-system,1716830871.814,0.00034617671375957804
node-netmanager-kgf4p,oakestra-system,1716830872.814,0.00034617671375957804
node-netmanager-kgf4p,oakestra-system,1716830873.814,0.00034617671375957804
node-netmanager-kgf4p,oakestra-system,1716830874.814,0.00034617671375957804
node-netmanager-kgf4p,oakestra-system,1716830875.814,0.00034617671375957804
node-netmanager-kgf4p,oakestra-system,1716830876.814,0.00034617671375957804
node-netmanager-kgf4p,oakestra-system,1716830877.814,0.00034617671375957804
node-netmanager-kgf4p,oakestra-system,1716830878.814,0.00034617671375957804
node-netmanager-kgf4p,oakestra-system,1716830879.814,0.00034617671375957804
node-netmanager-kgf4p,oakestra-system,1716830880.814,0.00034617671375957804
node-netmanager-kgf4p,oakestra-system,1716830881.814,0.00034617671375957804
node-netmanager-kgf4p,oakestra-system,1716830882.814,0.00034617671375957804
node-netmanager-kgf4p,oakestra-system,1716830883.814,0.000346176713759578
node-netmanager-kgf4p,oakestra-system,1716830884.814,0.000346176713759578
node-netmanager-kgf4p,oakestra-system,1716830885.814,0.000346176713759578
node-netmanager-kgf4p,oakestra-system,1716830886.814,0.000346176713759578
node-netmanager-kgf4p,oakestra-system,1716830887.814,0.00017031226875832578
node-netmanager-kgf4p,oakestra-system,1716830888.814,0.00020402844688685034
node-netmanager-kgf4p,oakestra-system,1716830889.814,0.00020402844688685034
node-netmanager-kgf4p,oakestra-system,1716830890.814,0.00020402844688685034
node-netmanager-kgf4p,oakestra-system,1716830891.814,0.000033716178128524565
node-netmanager-kgf4p,oakestra-system,1716830892.814,0.000033716178128524565
node-netmanager-kgf4p,oakestra-system,1716830893.814,0.000033716178128524565
node-netmanager-kgf4p,oakestra-system,1716830894.814,0.000033716178128524565
node-netmanager-kgf4p,oakestra-system,1716830895.814,0.000033716178128524565
node-netmanager-kgf4p,oakestra-system,1716830896.814,0.00006350475496664211
node-netmanager-kgf4p,oakestra-system,1716830897.814,0.00006350475496664211
node-netmanager-kgf4p,oakestra-system,1716830898.814,0.00006350475496664211
node-netmanager-kgf4p,oakestra-system,1716830899.814,0.00006350475496664211
node-netmanager-kgf4p,oakestra-system,1716830900.814,0.00006350475496664211
node-netmanager-kgf4p,oakestra-system,1716830901.814,0.00006350475496664211
node-netmanager-kgf4p,oakestra-system,1716830902.814,0.00006350475496664211
node-netmanager-kgf4p,oakestra-system,1716830903.814,0.00006350475496664211
node-netmanager-kgf4p,oakestra-system,1716830904.814,0.00006350475496664211
node-netmanager-kgf4p,oakestra-system,1716830905.814,0.00006350475496664211
node-netmanager-kgf4p,oakestra-system,1716830906.814,0.00006350475496664211
node-netmanager-kgf4p,oakestra-system,1716830907.814,0.00006350475496664211
node-netmanager-kgf4p,oakestra-system,1716830908.814,0.00006350475496664211
node-netmanager-kgf4p,oakestra-system,1716830909.814,0.00006350475496664211
node-netmanager-kgf4p,oakestra-system,1716830910.814,0.00006350475496664211
node-netmanager-kgf4p,oakestra-system,1716830911.814,0.00006350475496664211
node-netmanager-kgf4p,oakestra-system,1716830912.814,0.00006350475496664211
node-netmanager-kgf4p,oakestra-system,1716830913.814,0.00006828428307036127
node-netmanager-kgf4p,oakestra-system,1716830914.814,0.00006828428307036127
node-netmanager-kgf4p,oakestra-system,1716830915.814,0.00006724278116713775
node-netmanager-kgf4p,oakestra-system,1716830916.814,0.00006724278116713775
node-netmanager-kgf4p,oakestra-system,1716830917.814,0.00006724278116713775
node-netmanager-kgf4p,oakestra-system,1716830918.814,0.00006724278116713775
node-netmanager-kgf4p,oakestra-system,1716830919.814,0.00006615325955061557
node-netmanager-kgf4p,oakestra-system,1716830920.814,0.00006615325955061557
node-netmanager-kgf4p,oakestra-system,1716830921.814,0.00006615325955061557
node-netmanager-kgf4p,oakestra-system,1716830922.814,0.00006615325955061557
node-netmanager-kgf4p,oakestra-system,1716830923.814,0.00006615325955061557
node-netmanager-kgf4p,oakestra-system,1716830924.814,0.000058322144009757815
node-netmanager-kgf4p,oakestra-system,1716830925.814,0.00005904859393234928
node-netmanager-kgf4p,oakestra-system,1716830926.814,0.000059775043854940746
node-netmanager-kgf4p,oakestra-system,1716830927.814,0.00006050149377753221
node-netmanager-kgf4p,oakestra-system,1716830928.814,0.00006122794370012368
node-netmanager-kgf4p,oakestra-system,1716830929.814,0.00006195439362271515
node-netmanager-kgf4p,oakestra-system,1716830930.814,0.00006268084354530662
node-netmanager-kgf4p,oakestra-system,1716830931.814,0.00005598515460878106
node-netmanager-kgf4p,oakestra-system,1716830932.814,0.00005598515460878106
node-netmanager-kgf4p,oakestra-system,1716830933.814,0.00005598515460878106
node-netmanager-kgf4p,oakestra-system,1716830934.814,0.00005598515460878106
node-netmanager-kgf4p,oakestra-system,1716830935.814,0.00005598515460878106
node-netmanager-kgf4p,oakestra-system,1716830936.814,0.00005598515460878106
node-netmanager-kgf4p,oakestra-system,1716830937.814,0.00005598515460878106
node-netmanager-kgf4p,oakestra-system,1716830938.814,0.00006266486164700958
node-netmanager-kgf4p,oakestra-system,1716830939.814,0.00006193841172441812
node-netmanager-kgf4p,oakestra-system,1716830940.814,0.00006121196180182667
node-netmanager-kgf4p,oakestra-system,1716830941.814,0.000060485511879235194
node-netmanager-kgf4p,oakestra-system,1716830942.814,0.00005975906195664373
node-netmanager-kgf4p,oakestra-system,1716830943.814,0.000059032612034052263
node-netmanager-kgf4p,oakestra-system,1716830944.814,0.00005830616211146079
node-netmanager-kgf4p,oakestra-system,1716830945.814,0.00004855820240373686
node-netmanager-kgf4p,oakestra-system,1716830946.814,0.000053377326180138333
node-netmanager-kgf4p,oakestra-system,1716830947.814,0.00005265087625754687
node-netmanager-kgf4p,oakestra-system,1716830948.814,0.000048909511245599744
node-netmanager-kgf4p,oakestra-system,1716830949.814,0.000057461216417752084
node-netmanager-kgf4p,oakestra-system,1716830950.814,0.000057461216417752084
node-netmanager-kgf4p,oakestra-system,1716830951.814,0.000057461216417752084
node-netmanager-kgf4p,oakestra-system,1716830952.814,0.000057461216417752084
node-netmanager-kgf4p,oakestra-system,1716830953.814,0.000057461216417752084
node-netmanager-kgf4p,oakestra-system,1716830954.814,0.000057461216417752084
node-netmanager-kgf4p,oakestra-system,1716830955.814,0.000057461216417752084
node-netmanager-kgf4p,oakestra-system,1716830956.814,0.000052263719221886695
node-netmanager-kgf4p,oakestra-system,1716830957.814,0.000052263719221886695
node-netmanager-kgf4p,oakestra-system,1716830958.814,0.000052263719221886695
node-netmanager-kgf4p,oakestra-system,1716830959.814,0.000052263719221886695
node-netmanager-kgf4p,oakestra-system,1716830960.814,0.000052263719221886695
node-netmanager-kgf4p,oakestra-system,1716830961.814,0.000052263719221886695
node-netmanager-kgf4p,oakestra-system,1716830962.814,0.000052263719221886695
node-netmanager-kgf4p,oakestra-system,1716830963.814,0.000052263719221886695
node-netmanager-kgf4p,oakestra-system,1716830964.814,0.000052263719221886695
node-netmanager-kgf4p,oakestra-system,1716830965.814,0.000052263719221886695
node-netmanager-kgf4p,oakestra-system,1716830966.814,0.000052263719221886695
node-netmanager-kgf4p,oakestra-system,1716830967.814,0.000052263719221886695
node-netmanager-kgf4p,oakestra-system,1716830968.814,0.000052263719221886695
node-netmanager-kgf4p,oakestra-system,1716830969.814,0.000052263719221886695
node-netmanager-kgf4p,oakestra-system,1716830970.814,0.000052263719221886695
node-netmanager-kgf4p,oakestra-system,1716830971.814,0.000052263719221886695
node-netmanager-kgf4p,oakestra-system,1716830972.814,0.000052263719221886695
node-netmanager-kgf4p,oakestra-system,1716830973.814,0.00002509430343328368
node-netmanager-kgf4p,oakestra-system,1716830974.814,0.00002509430343328368
node-netmanager-kgf4p,oakestra-system,1716830984.814,0.00015039073806078087
node-netmanager-kgf4p,oakestra-system,1716830985.814,0.00015039073806078087
node-netmanager-kgf4p,oakestra-system,1716830986.814,0.00015039073806078087
node-netmanager-kgf4p,oakestra-system,1716830987.814,0.0002859236707236044
node-netmanager-kgf4p,oakestra-system,1716830988.814,0.0002859236707236044
node-netmanager-kgf4p,oakestra-system,1716830989.814,0.0002859236707236044
node-netmanager-kgf4p,oakestra-system,1716830990.814,0.0002859236707236044
node-netmanager-kgf4p,oakestra-system,1716830991.814,0.0002859236707236044
node-netmanager-kgf4p,oakestra-system,1716830992.814,0.0002859236707236044
node-netmanager-kgf4p,oakestra-system,1716830993.814,0.0002859236707236044
node-netmanager-mflw7,oakestra-system,1716830693.814,0.00028488998027088766
node-netmanager-mflw7,oakestra-system,1716830694.814,0.00028488998027088766
node-netmanager-mflw7,oakestra-system,1716830695.814,0.00028488998027088766
node-netmanager-mflw7,oakestra-system,1716830696.814,0.00028488998027088766
node-netmanager-mflw7,oakestra-system,1716830697.814,0.00029025761427254405
node-netmanager-mflw7,oakestra-system,1716830698.814,0.00028969233240201
node-netmanager-mflw7,oakestra-system,1716830699.814,0.00002380373692725504
node-netmanager-mflw7,oakestra-system,1716830700.814,0.000023238455056720953
node-netmanager-mflw7,oakestra-system,1716830701.814,0.000022673173186186872
node-netmanager-mflw7,oakestra-system,1716830702.814,0.000022107891315652785
node-netmanager-mflw7,oakestra-system,1716830703.814,0.000021542609445118698
node-netmanager-mflw7,oakestra-system,1716830704.814,0.00002097732757458461
node-netmanager-mflw7,oakestra-system,1716830705.814,0.00002041204570405053
node-netmanager-mflw7,oakestra-system,1716830706.814,0.000019846763833516446
node-netmanager-mflw7,oakestra-system,1716830707.814,0.000019281481962982362
node-netmanager-mflw7,oakestra-system,1716830708.814,0.000018716200092448278
node-netmanager-mflw7,oakestra-system,1716830709.814,0.00001815091822191419
node-netmanager-mflw7,oakestra-system,1716830710.814,0.000017585636351380107
node-netmanager-mflw7,oakestra-system,1716830711.814,0.00001702035448084602
node-netmanager-mflw7,oakestra-system,1716830712.814,0.000016455072610311936
node-netmanager-mflw7,oakestra-system,1716830713.814,0.000059096497151663103
node-netmanager-mflw7,oakestra-system,1716830714.814,0.00012330544831477017
node-netmanager-mflw7,oakestra-system,1716830715.814,0.00012330544831477017
node-netmanager-mflw7,oakestra-system,1716830716.814,0.0001340798901929245
node-netmanager-mflw7,oakestra-system,1716830717.814,0.0001340798901929245
node-netmanager-mflw7,oakestra-system,1716830718.814,0.0001340798901929245
node-netmanager-mflw7,oakestra-system,1716830719.814,0.0001340798901929245
node-netmanager-mflw7,oakestra-system,1716830720.814,0.0001340798901929245
node-netmanager-mflw7,oakestra-system,1716830721.814,0.0001340798901929245
node-netmanager-mflw7,oakestra-system,1716830722.814,0.0001340798901929245
node-netmanager-mflw7,oakestra-system,1716830723.814,0.0001340798901929245
node-netmanager-mflw7,oakestra-system,1716830724.814,0.0001340798901929245
node-netmanager-mflw7,oakestra-system,1716830725.814,0.0001340798901929245
node-netmanager-mflw7,oakestra-system,1716830726.814,0.0001340798901929245
node-netmanager-mflw7,oakestra-system,1716830727.814,0.0001340798901929245
node-netmanager-mflw7,oakestra-system,1716830728.814,0.0001340798901929245
node-netmanager-mflw7,oakestra-system,1716830729.814,0.0001340798901929245
node-netmanager-mflw7,oakestra-system,1716830730.814,0.0001340798901929245
node-netmanager-mflw7,oakestra-system,1716830731.814,0.0001340798901929245
node-netmanager-mflw7,oakestra-system,1716830732.814,0.0001340798901929245
node-netmanager-mflw7,oakestra-system,1716830733.814,0.00006420895116310708
node-netmanager-mflw7,oakestra-system,1716830734.814,0.00006420895116310708
node-netmanager-mflw7,oakestra-system,1716830735.814,0.00006420895116310708
node-netmanager-mflw7,oakestra-system,1716830736.814,0.00006420895116310708
node-netmanager-mflw7,oakestra-system,1716830737.814,0.00006420895116310708
node-netmanager-mflw7,oakestra-system,1716830738.814,0.00006420895116310708
node-netmanager-mflw7,oakestra-system,1716830739.814,0.00006420895116310708
node-netmanager-mflw7,oakestra-system,1716830740.814,0.0000573566531211397
node-netmanager-mflw7,oakestra-system,1716830741.814,0.00009028792168387839
node-netmanager-mflw7,oakestra-system,1716830742.814,0.00009106963575235558
node-netmanager-mflw7,oakestra-system,1716830743.814,0.00010425949722977124
node-netmanager-mflw7,oakestra-system,1716830744.814,0.00010425949722977124
node-netmanager-mflw7,oakestra-system,1716830745.814,0.00009664393342336805
node-netmanager-mflw7,oakestra-system,1716830746.814,0.00009664393342336805
node-netmanager-mflw7,oakestra-system,1716830747.814,0.00009664393342336805
node-netmanager-mflw7,oakestra-system,1716830748.814,0.00009664393342336805
node-netmanager-mflw7,oakestra-system,1716830749.814,0.00009664393342336805
node-netmanager-mflw7,oakestra-system,1716830750.814,0.00009664393342336805
node-netmanager-mflw7,oakestra-system,1716830751.814,0.00009664393342336805
node-netmanager-mflw7,oakestra-system,1716830752.814,0.00009664393342336805
node-netmanager-mflw7,oakestra-system,1716830753.814,0.00009664393342336805
node-netmanager-mflw7,oakestra-system,1716830754.814,0.00009664393342336805
node-netmanager-mflw7,oakestra-system,1716830755.814,0.00009664393342336805
node-netmanager-mflw7,oakestra-system,1716830756.814,0.00009664393342336805
node-netmanager-mflw7,oakestra-system,1716830757.814,0.00009664393342336805
node-netmanager-mflw7,oakestra-system,1716830758.814,0.00009664393342336805
node-netmanager-mflw7,oakestra-system,1716830759.814,0.00009664393342336805
node-netmanager-mflw7,oakestra-system,1716830760.814,0.00009664393342336805
node-netmanager-mflw7,oakestra-system,1716830761.814,0.00009664393342336805
node-netmanager-mflw7,oakestra-system,1716830762.814,0.00009664393342336805
node-netmanager-mflw7,oakestra-system,1716830763.814,0.00009664393342336805
node-netmanager-mflw7,oakestra-system,1716830764.814,0.00009664393342336805
node-netmanager-mflw7,oakestra-system,1716830765.814,0.00009664393342336805
node-netmanager-mflw7,oakestra-system,1716830766.814,0.00009664393342336805
node-netmanager-mflw7,oakestra-system,1716830767.814,0.00009664393342336805
node-netmanager-mflw7,oakestra-system,1716830768.814,0.00009664393342336805
node-netmanager-mflw7,oakestra-system,1716830769.814,0.00008347290748190344
node-netmanager-mflw7,oakestra-system,1716830770.814,0.00008264388932665784
node-netmanager-mflw7,oakestra-system,1716830771.814,0.00008979573171284311
node-netmanager-mflw7,oakestra-system,1716830772.814,0.0000889667135575975
node-netmanager-mflw7,oakestra-system,1716830773.814,0.00009583780836516154
node-netmanager-mflw7,oakestra-system,1716830774.814,0.00006258381761287207
node-netmanager-mflw7,oakestra-system,1716830775.814,0.00006258381761287207
node-netmanager-mflw7,oakestra-system,1716830776.814,0.001776312279194507
node-netmanager-mflw7,oakestra-system,1716830777.814,0.001776312279194507
node-netmanager-mflw7,oakestra-system,1716830778.814,0.001776312279194507
node-netmanager-mflw7,oakestra-system,1716830779.814,0.001776312279194507
node-netmanager-mflw7,oakestra-system,1716830780.814,0.001776312279194507
node-netmanager-mflw7,oakestra-system,1716830781.814,0.001776312279194507
node-netmanager-mflw7,oakestra-system,1716830782.814,0.001776312279194507
node-netmanager-mflw7,oakestra-system,1716830783.814,0.001776312279194507
node-netmanager-mflw7,oakestra-system,1716830784.814,0.001776312279194507
node-netmanager-mflw7,oakestra-system,1716830785.814,0.001776312279194507
node-netmanager-mflw7,oakestra-system,1716830786.814,0.001776312279194507
node-netmanager-mflw7,oakestra-system,1716830787.814,0.001776312279194507
node-netmanager-mflw7,oakestra-system,1716830788.814,0.001776312279194507
node-netmanager-mflw7,oakestra-system,1716830789.814,0.001776312279194507
node-netmanager-mflw7,oakestra-system,1716830790.814,0.001776312279194507
node-netmanager-mflw7,oakestra-system,1716830791.814,0.001776312279194507
node-netmanager-mflw7,oakestra-system,1716830792.814,0.001776312279194507
node-netmanager-mflw7,oakestra-system,1716830793.814,0.001776312279194507
node-netmanager-mflw7,oakestra-system,1716830794.814,0.001776312279194507
node-netmanager-mflw7,oakestra-system,1716830795.814,0.001776312279194507
node-netmanager-mflw7,oakestra-system,1716830796.814,0.001776312279194507
node-netmanager-mflw7,oakestra-system,1716830797.814,0.001776312279194507
node-netmanager-mflw7,oakestra-system,1716830798.814,0.001776312279194507
node-netmanager-mflw7,oakestra-system,1716830799.814,0.001776312279194507
node-netmanager-mflw7,oakestra-system,1716830800.814,0.00006258381761287207
node-netmanager-mflw7,oakestra-system,1716830803.814,0.001872421347288992
node-netmanager-mflw7,oakestra-system,1716830804.814,0.001872421347288992
node-netmanager-mflw7,oakestra-system,1716830805.814,0.001872421347288992
node-netmanager-mflw7,oakestra-system,1716830806.814,0.0019546053702085733
node-netmanager-mflw7,oakestra-system,1716830807.814,0.0019546053702085733
node-netmanager-mflw7,oakestra-system,1716830808.814,0.0019546053702085733
node-netmanager-mflw7,oakestra-system,1716830809.814,0.0019546053702085733
node-netmanager-mflw7,oakestra-system,1716830810.814,0.0019546053702085733
node-netmanager-mflw7,oakestra-system,1716830811.814,0.0019546053702085733
node-netmanager-mflw7,oakestra-system,1716830812.814,0.0019546053702085733
node-netmanager-mflw7,oakestra-system,1716830813.814,0.0019546053702085733
node-netmanager-mflw7,oakestra-system,1716830814.814,0.0019546053702085733
node-netmanager-mflw7,oakestra-system,1716830815.814,0.0019546053702085733
node-netmanager-mflw7,oakestra-system,1716830816.814,0.0019546053702085733
node-netmanager-mflw7,oakestra-system,1716830817.814,0.0019546053702085733
node-netmanager-mflw7,oakestra-system,1716830818.814,0.0019546053702085733
node-netmanager-mflw7,oakestra-system,1716830819.814,0.0019546053702085733
node-netmanager-mflw7,oakestra-system,1716830820.814,0.0019546053702085733
node-netmanager-mflw7,oakestra-system,1716830821.814,0.0019546053702085733
node-netmanager-mflw7,oakestra-system,1716830822.814,0.0019546053702085733
node-netmanager-mflw7,oakestra-system,1716830823.814,0.0019546053702085733
node-netmanager-mflw7,oakestra-system,1716830824.814,0.0019546053702085733
node-netmanager-mflw7,oakestra-system,1716830825.814,0.0019546053702085733
node-netmanager-mflw7,oakestra-system,1716830826.814,0.0019546053702085733
node-netmanager-mflw7,oakestra-system,1716830827.814,0.0019546053702085733
node-netmanager-mflw7,oakestra-system,1716830828.814,0.0019546053702085733
node-netmanager-mflw7,oakestra-system,1716830829.814,0.0019449781654708106
node-netmanager-mflw7,oakestra-system,1716830830.814,0.0011285029812995381
node-netmanager-mflw7,oakestra-system,1716830831.814,0.00011219928933924511
node-netmanager-mflw7,oakestra-system,1716830832.814,0.00011315388554319008
node-netmanager-mflw7,oakestra-system,1716830833.814,0.00011410848174713504
node-netmanager-mflw7,oakestra-system,1716830834.814,0.00012983259041851646
node-netmanager-mflw7,oakestra-system,1716830835.814,0.00012983259041851646
node-netmanager-mflw7,oakestra-system,1716830836.814,0.00009904136202981023
node-netmanager-mflw7,oakestra-system,1716830837.814,0.00010003922584042097
node-netmanager-mflw7,oakestra-system,1716830838.814,0.0001010370896510317
node-netmanager-mflw7,oakestra-system,1716830839.814,0.00010203495346164244
node-netmanager-mflw7,oakestra-system,1716830840.814,0.00010303281727225318
node-netmanager-mflw7,oakestra-system,1716830841.814,0.00011714760087334209
node-netmanager-mflw7,oakestra-system,1716830842.814,0.00011714760087334209
node-netmanager-mflw7,oakestra-system,1716830843.814,0.00011714760087334209
node-netmanager-mflw7,oakestra-system,1716830844.814,0.00011714760087334209
node-netmanager-mflw7,oakestra-system,1716830845.814,0.00011714760087334209
node-netmanager-mflw7,oakestra-system,1716830846.814,0.00011714760087334209
node-netmanager-mflw7,oakestra-system,1716830847.814,0.00011714760087334209
node-netmanager-mflw7,oakestra-system,1716830848.814,0.00011714760087334209
node-netmanager-mflw7,oakestra-system,1716830849.814,0.00011714760087334209
node-netmanager-mflw7,oakestra-system,1716830850.814,0.00011714760087334209
node-netmanager-mflw7,oakestra-system,1716830851.814,0.00011714760087334209
node-netmanager-mflw7,oakestra-system,1716830852.814,0.00011714760087334209
node-netmanager-mflw7,oakestra-system,1716830853.814,0.00011714760087334209
node-netmanager-mflw7,oakestra-system,1716830854.814,0.00010288712915590401
node-netmanager-mflw7,oakestra-system,1716830855.814,0.00010188926534529326
node-netmanager-mflw7,oakestra-system,1716830856.814,0.00010089140153468253
node-netmanager-mflw7,oakestra-system,1716830857.814,0.0000998935377240718
node-netmanager-mflw7,oakestra-system,1716830858.814,0.00009889567391346105
node-netmanager-mflw7,oakestra-system,1716830859.814,0.00009675252558369179
node-netmanager-mflw7,oakestra-system,1716830860.814,0.00009575466177308106
node-netmanager-mflw7,oakestra-system,1716830861.814,0.00009475679796247031
node-netmanager-mflw7,oakestra-system,1716830862.814,0.00009375893415185956
node-netmanager-mflw7,oakestra-system,1716830863.814,0.00009169924593196754
node-netmanager-mflw7,oakestra-system,1716830864.814,0.00011005064778719379
node-netmanager-mflw7,oakestra-system,1716830865.814,0.00011005064778719379
node-netmanager-mflw7,oakestra-system,1716830866.814,0.00010686286006897383
node-netmanager-mflw7,oakestra-system,1716830867.814,0.00010686286006897383
node-netmanager-mflw7,oakestra-system,1716830868.814,0.00010686286006897383
node-netmanager-mflw7,oakestra-system,1716830869.814,0.00010686286006897383
node-netmanager-mflw7,oakestra-system,1716830870.814,0.00010686286006897383
node-netmanager-mflw7,oakestra-system,1716830871.814,0.00010686286006897383
node-netmanager-mflw7,oakestra-system,1716830872.814,0.00010686286006897383
node-netmanager-mflw7,oakestra-system,1716830873.814,0.00010686286006897383
node-netmanager-mflw7,oakestra-system,1716830874.814,0.00010686286006897383
node-netmanager-mflw7,oakestra-system,1716830875.814,0.00010686286006897383
node-netmanager-mflw7,oakestra-system,1716830876.814,0.00010686286006897383
node-netmanager-mflw7,oakestra-system,1716830877.814,0.00010686286006897383
node-netmanager-mflw7,oakestra-system,1716830878.814,0.00010686286006897383
node-netmanager-mflw7,oakestra-system,1716830879.814,0.00010686286006897383
node-netmanager-mflw7,oakestra-system,1716830880.814,0.00010686286006897383
node-netmanager-mflw7,oakestra-system,1716830881.814,0.00010686286006897383
node-netmanager-mflw7,oakestra-system,1716830882.814,0.00010686286006897383
node-netmanager-mflw7,oakestra-system,1716830883.814,0.00010686286006897383
node-netmanager-mflw7,oakestra-system,1716830884.814,0.00010686286006897383
node-netmanager-mflw7,oakestra-system,1716830885.814,0.00010686286006897383
node-netmanager-mflw7,oakestra-system,1716830886.814,0.00010686286006897383
node-netmanager-mflw7,oakestra-system,1716830887.814,0.00010686286006897383
node-netmanager-mflw7,oakestra-system,1716830888.814,0.00010686286006897383
node-netmanager-mflw7,oakestra-system,1716830889.814,0.00005506866330825792
node-netmanager-mflw7,oakestra-system,1716830892.814,0.0000598794994592923
node-netmanager-mflw7,oakestra-system,1716830893.814,0.0000598794994592923
node-netmanager-mflw7,oakestra-system,1716830894.814,0.0000598794994592923
node-netmanager-mflw7,oakestra-system,1716830895.814,0.00012268283861673648
node-netmanager-mflw7,oakestra-system,1716830896.814,0.00012268283861673648
node-netmanager-mflw7,oakestra-system,1716830897.814,0.00012268283861673648
node-netmanager-mflw7,oakestra-system,1716830898.814,0.00012268283861673648
node-netmanager-mflw7,oakestra-system,1716830899.814,0.00012268283861673648
node-netmanager-mflw7,oakestra-system,1716830900.814,0.00012268283861673648
node-netmanager-mflw7,oakestra-system,1716830901.814,0.00012268283861673648
node-netmanager-mflw7,oakestra-system,1716830902.814,0.00012268283861673648
node-netmanager-mflw7,oakestra-system,1716830903.814,0.00012268283861673648
node-netmanager-mflw7,oakestra-system,1716830904.814,0.00012268283861673648
node-netmanager-mflw7,oakestra-system,1716830905.814,0.00012268283861673648
node-netmanager-mflw7,oakestra-system,1716830906.814,0.00012268283861673648
node-netmanager-mflw7,oakestra-system,1716830907.814,0.00012268283861673648
node-netmanager-mflw7,oakestra-system,1716830908.814,0.00012268283861673648
node-netmanager-mflw7,oakestra-system,1716830909.814,0.00012268283861673648
node-netmanager-mflw7,oakestra-system,1716830910.814,0.00012268283861673648
node-netmanager-mflw7,oakestra-system,1716830911.814,0.00012268283861673648
node-netmanager-mflw7,oakestra-system,1716830912.814,0.00012268283861673648
node-netmanager-mflw7,oakestra-system,1716830913.814,0.00012268283861673648
node-netmanager-mflw7,oakestra-system,1716830914.814,0.00012268283861673648
node-netmanager-mflw7,oakestra-system,1716830915.814,0.00012268283861673648
node-netmanager-mflw7,oakestra-system,1716830916.814,0.00012268283861673648
node-netmanager-mflw7,oakestra-system,1716830917.814,0.000275276470118389
node-netmanager-mflw7,oakestra-system,1716830918.814,0.000275276470118389
node-netmanager-mflw7,oakestra-system,1716830919.814,0.00021539697065909672
node-netmanager-mflw7,oakestra-system,1716830920.814,0.00021539697065909672
node-netmanager-mflw7,oakestra-system,1716830921.814,0.00021539697065909672
node-netmanager-mflw7,oakestra-system,1716830922.814,0.00021539697065909672
node-netmanager-mflw7,oakestra-system,1716830923.814,0.0005407732869585992
node-netmanager-mflw7,oakestra-system,1716830924.814,0.0006159746081815259
node-netmanager-mflw7,oakestra-system,1716830925.814,0.000623036792511016
node-netmanager-mflw7,oakestra-system,1716830926.814,0.0006300989768405061
node-netmanager-mflw7,oakestra-system,1716830927.814,0.0006371611611699962
node-netmanager-mflw7,oakestra-system,1716830928.814,0.0006442233454994863
node-netmanager-mflw7,oakestra-system,1716830929.814,0.0006512855298289764
node-netmanager-mflw7,oakestra-system,1716830930.814,0.0007491073760689086
node-netmanager-mflw7,oakestra-system,1716830931.814,0.0007491073760689086
node-netmanager-mflw7,oakestra-system,1716830932.814,0.0007491073760689086
node-netmanager-mflw7,oakestra-system,1716830933.814,0.0007491073760689086
node-netmanager-mflw7,oakestra-system,1716830934.814,0.0007491073760689086
node-netmanager-mflw7,oakestra-system,1716830935.814,0.0007491073760689086
node-netmanager-mflw7,oakestra-system,1716830936.814,0.0007491073760689086
node-netmanager-mflw7,oakestra-system,1716830937.814,0.0007491073760689086
node-netmanager-mflw7,oakestra-system,1716830938.814,0.0007491073760689086
node-netmanager-mflw7,oakestra-system,1716830939.814,0.0007491073760689086
node-netmanager-mflw7,oakestra-system,1716830940.814,0.0007491073760689086
node-netmanager-mflw7,oakestra-system,1716830941.814,0.0007491073760689086
node-netmanager-mflw7,oakestra-system,1716830942.814,0.0006511230995893982
node-netmanager-mflw7,oakestra-system,1716830943.814,0.0006440609152599081
node-netmanager-mflw7,oakestra-system,1716830944.814,0.0006369987309304179
node-netmanager-mflw7,oakestra-system,1716830945.814,0.0006299365466009279
node-netmanager-mflw7,oakestra-system,1716830946.814,0.0006228743622714378
node-netmanager-mflw7,oakestra-system,1716830947.814,0.0006158121779419477
node-netmanager-mflw7,oakestra-system,1716830948.814,0.0005502776506351549
node-netmanager-mflw7,oakestra-system,1716830949.814,0.0005502776506351549
node-netmanager-mflw7,oakestra-system,1716830950.814,0.0005502776506351549
node-netmanager-mflw7,oakestra-system,1716830951.814,0.0005502776506351549
node-netmanager-mflw7,oakestra-system,1716830952.814,0.00022490133433565235
node-netmanager-mflw7,oakestra-system,1716830953.814,0.00022490133433565235
node-netmanager-mflw7,oakestra-system,1716830954.814,0.0003154424304426717
node-netmanager-mflw7,oakestra-system,1716830955.814,0.00016822401894743465
node-netmanager-mflw7,oakestra-system,1716830956.814,0.00016822401894743465
node-netmanager-mflw7,oakestra-system,1716830957.814,0.00016822401894743465
node-netmanager-mflw7,oakestra-system,1716830958.814,0.00016822401894743465
node-netmanager-mflw7,oakestra-system,1716830959.814,0.00016822401894743465
node-netmanager-mflw7,oakestra-system,1716830960.814,0.00016822401894743465
node-netmanager-mflw7,oakestra-system,1716830961.814,0.00016822401894743468
node-netmanager-mflw7,oakestra-system,1716830962.814,0.00016822401894743468
node-netmanager-mflw7,oakestra-system,1716830963.814,0.00016822401894743468
node-netmanager-mflw7,oakestra-system,1716830964.814,0.00016822401894743468
node-netmanager-mflw7,oakestra-system,1716830965.814,0.00016822401894743468
node-netmanager-mflw7,oakestra-system,1716830966.814,0.00016822401894743468
node-netmanager-mflw7,oakestra-system,1716830967.814,0.00016822401894743468
node-netmanager-mflw7,oakestra-system,1716830968.814,0.00016822401894743468
node-netmanager-mflw7,oakestra-system,1716830969.814,0.00016822401894743468
node-netmanager-mflw7,oakestra-system,1716830970.814,0.00016822401894743468
node-netmanager-mflw7,oakestra-system,1716830971.814,0.00016822401894743468
node-netmanager-mflw7,oakestra-system,1716830972.814,0.00016822401894743468
node-netmanager-mflw7,oakestra-system,1716830973.814,0.00016822401894743468
node-netmanager-mflw7,oakestra-system,1716830974.814,0.00016822401894743468
node-netmanager-mflw7,oakestra-system,1716830975.814,0.00016822401894743468
node-netmanager-mflw7,oakestra-system,1716830976.814,0.00016822401894743468
node-netmanager-mflw7,oakestra-system,1716830977.814,0.0000905410961070194
node-netmanager-mflw7,oakestra-system,1716830978.814,0.0000905410961070194
node-netmanager-mflw7,oakestra-system,1716830979.814,0.0000905410961070194
node-netmanager-mflw7,oakestra-system,1716830980.814,0.0000905410961070194
node-netmanager-mflw7,oakestra-system,1716830981.814,0.0000905410961070194
node-netmanager-mflw7,oakestra-system,1716830982.814,0.0000905410961070194
node-netmanager-mflw7,oakestra-system,1716830983.814,0.0000513045924467258
node-netmanager-mflw7,oakestra-system,1716830984.814,0.0000513045924467258
node-netmanager-mflw7,oakestra-system,1716830985.814,0.00011774636818549154
node-netmanager-mflw7,oakestra-system,1716830986.814,0.00011774636818549154
node-netmanager-mflw7,oakestra-system,1716830987.814,0.00011774636818549154
node-netmanager-mflw7,oakestra-system,1716830988.814,0.00011774636818549154
node-netmanager-mflw7,oakestra-system,1716830989.814,0.00011774636818549154
node-netmanager-mflw7,oakestra-system,1716830990.814,0.00011774636818549154
node-netmanager-mflw7,oakestra-system,1716830991.814,0.00011774636818549154
node-netmanager-mflw7,oakestra-system,1716830992.814,0.00011774636818549154
node-netmanager-mflw7,oakestra-system,1716830993.814,0.00011774636818549154
oakestra-agent-5fc9c56759-9wj9w,oakestra-system,1716830693.814,0.0023276251314880677
oakestra-agent-5fc9c56759-9wj9w,oakestra-system,1716830694.814,0.0023276251314880677
oakestra-agent-5fc9c56759-9wj9w,oakestra-system,1716830695.814,0.0023276251314880677
oakestra-agent-5fc9c56759-9wj9w,oakestra-system,1716830696.814,0.0023276251314880677
oakestra-agent-5fc9c56759-9wj9w,oakestra-system,1716830697.814,0.0023276251314880677
oakestra-agent-5fc9c56759-9wj9w,oakestra-system,1716830698.814,0.0023276251314880677
oakestra-agent-5fc9c56759-9wj9w,oakestra-system,1716830699.814,0.0023276251314880677
oakestra-agent-5fc9c56759-9wj9w,oakestra-system,1716830700.814,0.002299777206278433
oakestra-agent-5fc9c56759-9wj9w,oakestra-system,1716830701.814,0.001142489349879606
oakestra-agent-5fc9c56759-9wj9w,oakestra-system,1716830702.814,0.001142489349879606
oakestra-agent-5fc9c56759-9wj9w,oakestra-system,1716830703.814,0.001142489349879606
oakestra-agent-5fc9c56759-9wj9w,oakestra-system,1716830704.814,0.001142489349879606
oakestra-agent-5fc9c56759-9wj9w,oakestra-system,1716830705.814,0.001142489349879606
oakestra-agent-5fc9c56759-9wj9w,oakestra-system,1716830706.814,0.0004436649586163734
oakestra-agent-5fc9c56759-9wj9w,oakestra-system,1716830707.814,0.00046121395525883414
oakestra-agent-5fc9c56759-9wj9w,oakestra-system,1716830708.814,0.00047876295190129496
oakestra-agent-5fc9c56759-9wj9w,oakestra-system,1716830709.814,0.0004963119485437558
oakestra-agent-5fc9c56759-9wj9w,oakestra-system,1716830710.814,0.0005138609451862166
oakestra-agent-5fc9c56759-9wj9w,oakestra-system,1716830711.814,0.0005314099418286775
oakestra-agent-5fc9c56759-9wj9w,oakestra-system,1716830712.814,0.0005489589384711383
oakestra-agent-5fc9c56759-9wj9w,oakestra-system,1716830713.814,0.0005665079351135991
oakestra-agent-5fc9c56759-9wj9w,oakestra-system,1716830714.814,0.00058405693175606
oakestra-agent-5fc9c56759-9wj9w,oakestra-system,1716830715.814,0.0004494999999999916
oakestra-agent-5fc9c56759-9wj9w,oakestra-system,1716830716.814,0.0016388970893970792
oakestra-agent-5fc9c56759-9wj9w,oakestra-system,1716830717.814,0.0016388970893970792
oakestra-agent-5fc9c56759-9wj9w,oakestra-system,1716830718.814,0.0016388970893970792
oakestra-agent-5fc9c56759-9wj9w,oakestra-system,1716830719.814,0.0016388970893970792
oakestra-agent-5fc9c56759-9wj9w,oakestra-system,1716830720.814,0.0016388970893970792
oakestra-agent-5fc9c56759-9wj9w,oakestra-system,1716830721.814,0.0016388970893970792
oakestra-agent-5fc9c56759-9wj9w,oakestra-system,1716830722.814,0.0016388970893970792
oakestra-agent-5fc9c56759-9wj9w,oakestra-system,1716830723.814,0.0016388970893970792
oakestra-agent-5fc9c56759-9wj9w,oakestra-system,1716830724.814,0.0016388970893970792
oakestra-agent-5fc9c56759-9wj9w,oakestra-system,1716830725.814,0.0016388970893970792
oakestra-agent-5fc9c56759-9wj9w,oakestra-system,1716830726.814,0.0016388970893970792
oakestra-agent-5fc9c56759-9wj9w,oakestra-system,1716830727.814,0.0016388970893970792
oakestra-agent-5fc9c56759-9wj9w,oakestra-system,1716830728.814,0.0016388970893970792
oakestra-agent-5fc9c56759-9wj9w,oakestra-system,1716830729.814,0.0016388970893970792
oakestra-agent-5fc9c56759-9wj9w,oakestra-system,1716830730.814,0.0016388970893970792
oakestra-agent-5fc9c56759-9wj9w,oakestra-system,1716830731.814,0.0016388970893970792
oakestra-agent-5fc9c56759-9wj9w,oakestra-system,1716830732.814,0.0016388970893970792
oakestra-agent-5fc9c56759-9wj9w,oakestra-system,1716830733.814,0.0016388970893970792
oakestra-agent-5fc9c56759-9wj9w,oakestra-system,1716830734.814,0.0017568000233394523
oakestra-agent-5fc9c56759-9wj9w,oakestra-system,1716830735.814,0.0017392510266969917
oakestra-agent-5fc9c56759-9wj9w,oakestra-system,1716830736.814,0.0017217020300545306
oakestra-agent-5fc9c56759-9wj9w,oakestra-system,1716830737.814,0.00170415303341207
oakestra-agent-5fc9c56759-9wj9w,oakestra-system,1716830738.814,0.001686604036769609
oakestra-agent-5fc9c56759-9wj9w,oakestra-system,1716830739.814,0.002501689191199515
oakestra-agent-5fc9c56759-9wj9w,oakestra-system,1716830740.814,0.002501689191199515
oakestra-agent-5fc9c56759-9wj9w,oakestra-system,1716830741.814,0.002501689191199515
oakestra-agent-5fc9c56759-9wj9w,oakestra-system,1716830742.814,0.0013122921018024274
oakestra-agent-5fc9c56759-9wj9w,oakestra-system,1716830743.814,0.0013122921018024274
oakestra-agent-5fc9c56759-9wj9w,oakestra-system,1716830744.814,0.0013122921018024274
oakestra-agent-5fc9c56759-9wj9w,oakestra-system,1716830745.814,0.0013122921018024274
oakestra-agent-5fc9c56759-9wj9w,oakestra-system,1716830746.814,0.0025320755858607856
oakestra-agent-5fc9c56759-9wj9w,oakestra-system,1716830747.814,0.0025320755858607856
oakestra-agent-5fc9c56759-9wj9w,oakestra-system,1716830748.814,0.002617459636342366
oakestra-agent-5fc9c56759-9wj9w,oakestra-system,1716830749.814,0.002617459636342366
oakestra-agent-5fc9c56759-9wj9w,oakestra-system,1716830750.814,0.002617459636342366
oakestra-agent-5fc9c56759-9wj9w,oakestra-system,1716830751.814,0.002617459636342366
oakestra-agent-5fc9c56759-9wj9w,oakestra-system,1716830752.814,0.002617459636342366
oakestra-agent-5fc9c56759-9wj9w,oakestra-system,1716830753.814,0.002617459636342366
oakestra-agent-5fc9c56759-9wj9w,oakestra-system,1716830754.814,0.002617459636342366
oakestra-agent-5fc9c56759-9wj9w,oakestra-system,1716830755.814,0.002617459636342366
oakestra-agent-5fc9c56759-9wj9w,oakestra-system,1716830756.814,0.002617459636342366
oakestra-agent-5fc9c56759-9wj9w,oakestra-system,1716830757.814,0.002617459636342366
oakestra-agent-5fc9c56759-9wj9w,oakestra-system,1716830758.814,0.002617459636342366
oakestra-agent-5fc9c56759-9wj9w,oakestra-system,1716830759.814,0.002617459636342366
oakestra-agent-5fc9c56759-9wj9w,oakestra-system,1716830760.814,0.0012197834840583582
oakestra-agent-5fc9c56759-9wj9w,oakestra-system,1716830761.814,0.0012197834840583582
oakestra-agent-5fc9c56759-9wj9w,oakestra-system,1716830762.814,0.0012197834840583582
oakestra-agent-5fc9c56759-9wj9w,oakestra-system,1716830763.814,0.0012197834840583582
oakestra-agent-5fc9c56759-9wj9w,oakestra-system,1716830764.814,0.0012197834840583582
oakestra-agent-5fc9c56759-9wj9w,oakestra-system,1716830765.814,0.0012197834840583582
oakestra-agent-5fc9c56759-9wj9w,oakestra-system,1716830766.814,0.0012197834840583582
oakestra-agent-5fc9c56759-9wj9w,oakestra-system,1716830767.814,0.0018248238899755942
oakestra-agent-5fc9c56759-9wj9w,oakestra-system,1716830768.814,0.0018391739221345306
oakestra-agent-5fc9c56759-9wj9w,oakestra-system,1716830769.814,0.002080785413594543
oakestra-agent-5fc9c56759-9wj9w,oakestra-system,1716830770.814,0.002080785413594543
oakestra-agent-5fc9c56759-9wj9w,oakestra-system,1716830771.814,0.002080785413594543
oakestra-agent-5fc9c56759-9wj9w,oakestra-system,1716830772.814,0.002080785413594543
oakestra-agent-5fc9c56759-9wj9w,oakestra-system,1716830773.814,0.002080785413594543
oakestra-agent-5fc9c56759-9wj9w,oakestra-system,1716830774.814,0.002080785413594543
oakestra-agent-5fc9c56759-9wj9w,oakestra-system,1716830775.814,0.002080785413594543
oakestra-agent-5fc9c56759-9wj9w,oakestra-system,1716830776.814,0.000861001929536185
oakestra-agent-5fc9c56759-9wj9w,oakestra-system,1716830777.814,0.0017983512486213445
oakestra-agent-5fc9c56759-9wj9w,oakestra-system,1716830778.814,0.0017983512486213445
oakestra-agent-5fc9c56759-9wj9w,oakestra-system,1716830779.814,0.0017983512486213443
oakestra-agent-5fc9c56759-9wj9w,oakestra-system,1716830780.814,0.0017983512486213443
oakestra-agent-5fc9c56759-9wj9w,oakestra-system,1716830781.814,0.0017983512486213443
oakestra-agent-5fc9c56759-9wj9w,oakestra-system,1716830782.814,0.0017983512486213443
oakestra-agent-5fc9c56759-9wj9w,oakestra-system,1716830783.814,0.0017983512486213443
oakestra-agent-5fc9c56759-9wj9w,oakestra-system,1716830784.814,0.0017983512486213443
oakestra-agent-5fc9c56759-9wj9w,oakestra-system,1716830785.814,0.0017983512486213443
oakestra-agent-5fc9c56759-9wj9w,oakestra-system,1716830786.814,0.0017983512486213443
oakestra-agent-5fc9c56759-9wj9w,oakestra-system,1716830787.814,0.0017983512486213443
oakestra-agent-5fc9c56759-9wj9w,oakestra-system,1716830788.814,0.0017983512486213443
oakestra-agent-5fc9c56759-9wj9w,oakestra-system,1716830789.814,0.0017983512486213443
oakestra-agent-5fc9c56759-9wj9w,oakestra-system,1716830790.814,0.0017983512486213443
oakestra-agent-5fc9c56759-9wj9w,oakestra-system,1716830791.814,0.0017983512486213443
oakestra-agent-5fc9c56759-9wj9w,oakestra-system,1716830792.814,0.0017983512486213443
oakestra-agent-5fc9c56759-9wj9w,oakestra-system,1716830793.814,0.0017983512486213443
oakestra-agent-5fc9c56759-9wj9w,oakestra-system,1716830794.814,0.0017983512486213443
oakestra-agent-5fc9c56759-9wj9w,oakestra-system,1716830795.814,0.0017983512486213443
oakestra-agent-5fc9c56759-9wj9w,oakestra-system,1716830796.814,0.0017983512486213443
oakestra-agent-5fc9c56759-9wj9w,oakestra-system,1716830797.814,0.0017983512486213443
oakestra-agent-5fc9c56759-9wj9w,oakestra-system,1716830798.814,0.0015516598457770683
oakestra-agent-5fc9c56759-9wj9w,oakestra-system,1716830799.814,0.0009373493190851593
oakestra-agent-5fc9c56759-9wj9w,oakestra-system,1716830800.814,0.0009373493190851593
oakestra-agent-5fc9c56759-9wj9w,oakestra-system,1716830801.814,0.001375256944318119
oakestra-agent-5fc9c56759-9wj9w,oakestra-system,1716830802.814,0.001375256944318119
oakestra-agent-5fc9c56759-9wj9w,oakestra-system,1716830803.814,0.001375256944318119
oakestra-agent-5fc9c56759-9wj9w,oakestra-system,1716830804.814,0.001375256944318119
oakestra-agent-5fc9c56759-9wj9w,oakestra-system,1716830805.814,0.002973533578748546
oakestra-agent-5fc9c56759-9wj9w,oakestra-system,1716830806.814,0.002945768143210308
oakestra-agent-5fc9c56759-9wj9w,oakestra-system,1716830807.814,0.002977915952702736
oakestra-agent-5fc9c56759-9wj9w,oakestra-system,1716830808.814,0.003010063762195164
oakestra-agent-5fc9c56759-9wj9w,oakestra-system,1716830809.814,0.0030422115716875926
oakestra-agent-5fc9c56759-9wj9w,oakestra-system,1716830810.814,0.0035271452039761283
oakestra-agent-5fc9c56759-9wj9w,oakestra-system,1716830811.814,0.0035271452039761283
oakestra-agent-5fc9c56759-9wj9w,oakestra-system,1716830812.814,0.0035271452039761283
oakestra-agent-5fc9c56759-9wj9w,oakestra-system,1716830813.814,0.0035271452039761283
oakestra-agent-5fc9c56759-9wj9w,oakestra-system,1716830814.814,0.0035271452039761283
oakestra-agent-5fc9c56759-9wj9w,oakestra-system,1716830815.814,0.0035271452039761283
oakestra-agent-5fc9c56759-9wj9w,oakestra-system,1716830816.814,0.0035271452039761283
oakestra-agent-5fc9c56759-9wj9w,oakestra-system,1716830817.814,0.0035271452039761283
oakestra-agent-5fc9c56759-9wj9w,oakestra-system,1716830818.814,0.0035271452039761283
oakestra-agent-5fc9c56759-9wj9w,oakestra-system,1716830819.814,0.0035271452039761283
oakestra-agent-5fc9c56759-9wj9w,oakestra-system,1716830820.814,0.0035271452039761283
oakestra-agent-5fc9c56759-9wj9w,oakestra-system,1716830821.814,0.0035271452039761283
oakestra-agent-5fc9c56759-9wj9w,oakestra-system,1716830822.814,0.0035271452039761283
oakestra-agent-5fc9c56759-9wj9w,oakestra-system,1716830823.814,0.0035271452039761283
oakestra-agent-5fc9c56759-9wj9w,oakestra-system,1716830824.814,0.0035271452039761283
oakestra-agent-5fc9c56759-9wj9w,oakestra-system,1716830825.814,0.0035271452039761283
oakestra-agent-5fc9c56759-9wj9w,oakestra-system,1716830826.814,0.0035271452039761283
oakestra-agent-5fc9c56759-9wj9w,oakestra-system,1716830827.814,0.001928868569545701
oakestra-agent-5fc9c56759-9wj9w,oakestra-system,1716830828.814,0.0014351585852657323
oakestra-agent-5fc9c56759-9wj9w,oakestra-system,1716830829.814,0.001403010775773304
oakestra-agent-5fc9c56759-9wj9w,oakestra-system,1716830830.814,0.0013708629662808757
oakestra-agent-5fc9c56759-9wj9w,oakestra-system,1716830831.814,0.0013387151567884473
oakestra-agent-5fc9c56759-9wj9w,oakestra-system,1716830832.814,0.001306567347296019
oakestra-agent-5fc9c56759-9wj9w,oakestra-system,1716830833.814,0.0012744195378035907
oakestra-agent-5fc9c56759-9wj9w,oakestra-system,1716830834.814,0.0012422717283111623
oakestra-agent-5fc9c56759-9wj9w,oakestra-system,1716830835.814,0.0014735541275333662
oakestra-agent-5fc9c56759-9wj9w,oakestra-system,1716830836.814,0.0014735541275333662
oakestra-agent-5fc9c56759-9wj9w,oakestra-system,1716830837.814,0.0022436310937119517
oakestra-agent-5fc9c56759-9wj9w,oakestra-system,1716830838.814,0.0022436310937119517
oakestra-agent-5fc9c56759-9wj9w,oakestra-system,1716830839.814,0.0022436310937119517
oakestra-agent-5fc9c56759-9wj9w,oakestra-system,1716830840.814,0.0022436310937119517
oakestra-agent-5fc9c56759-9wj9w,oakestra-system,1716830841.814,0.0022436310937119517
oakestra-agent-5fc9c56759-9wj9w,oakestra-system,1716830842.814,0.0022436310937119517
oakestra-agent-5fc9c56759-9wj9w,oakestra-system,1716830843.814,0.0022436310937119517
oakestra-agent-5fc9c56759-9wj9w,oakestra-system,1716830844.814,0.0022436310937119517
oakestra-agent-5fc9c56759-9wj9w,oakestra-system,1716830845.814,0.0022436310937119517
oakestra-agent-5fc9c56759-9wj9w,oakestra-system,1716830846.814,0.0022436310937119517
oakestra-agent-5fc9c56759-9wj9w,oakestra-system,1716830847.814,0.0022436310937119517
oakestra-agent-5fc9c56759-9wj9w,oakestra-system,1716830848.814,0.0022436310937119517
oakestra-agent-5fc9c56759-9wj9w,oakestra-system,1716830849.814,0.0022436310937119517
oakestra-agent-5fc9c56759-9wj9w,oakestra-system,1716830850.814,0.0022436310937119517
oakestra-agent-5fc9c56759-9wj9w,oakestra-system,1716830851.814,0.0022436310937119517
oakestra-agent-5fc9c56759-9wj9w,oakestra-system,1716830852.814,0.0022436310937119517
oakestra-agent-5fc9c56759-9wj9w,oakestra-system,1716830853.814,0.0022436310937119517
oakestra-agent-5fc9c56759-9wj9w,oakestra-system,1716830854.814,0.0022436310937119517
oakestra-agent-5fc9c56759-9wj9w,oakestra-system,1716830855.814,0.0023588122646108806
oakestra-agent-5fc9c56759-9wj9w,oakestra-system,1716830856.814,0.0023588122646108806
oakestra-agent-5fc9c56759-9wj9w,oakestra-system,1716830857.814,0.0023588122646108806
oakestra-agent-5fc9c56759-9wj9w,oakestra-system,1716830858.814,0.0023588122646108806
oakestra-agent-5fc9c56759-9wj9w,oakestra-system,1716830859.814,0.0023588122646108806
oakestra-agent-5fc9c56759-9wj9w,oakestra-system,1716830860.814,0.0023588122646108806
oakestra-agent-5fc9c56759-9wj9w,oakestra-system,1716830861.814,0.0019500765222598177
oakestra-agent-5fc9c56759-9wj9w,oakestra-system,1716830862.814,0.0019692449646347946
oakestra-agent-5fc9c56759-9wj9w,oakestra-system,1716830863.814,0.0019884134070097714
oakestra-agent-5fc9c56759-9wj9w,oakestra-system,1716830864.814,0.0020075818493847488
oakestra-agent-5fc9c56759-9wj9w,oakestra-system,1716830865.814,0.0016898799345373766
oakestra-agent-5fc9c56759-9wj9w,oakestra-system,1716830866.814,0.0017327578723805134
oakestra-agent-5fc9c56759-9wj9w,oakestra-system,1716830867.814,0.001775635810223651
oakestra-agent-5fc9c56759-9wj9w,oakestra-system,1716830868.814,0.00209108899863896
oakestra-agent-5fc9c56759-9wj9w,oakestra-system,1716830869.814,0.00211479849410712
oakestra-agent-5fc9c56759-9wj9w,oakestra-system,1716830870.814,0.0021385079895752807
oakestra-agent-5fc9c56759-9wj9w,oakestra-system,1716830871.814,0.0021622174850434404
oakestra-agent-5fc9c56759-9wj9w,oakestra-system,1716830872.814,0.002185926980511601
oakestra-agent-5fc9c56759-9wj9w,oakestra-system,1716830873.814,0.0019627732091652764
oakestra-agent-5fc9c56759-9wj9w,oakestra-system,1716830874.814,0.0019627732091652764
oakestra-agent-5fc9c56759-9wj9w,oakestra-system,1716830875.814,0.0019627732091652764
oakestra-agent-5fc9c56759-9wj9w,oakestra-system,1716830876.814,0.0019627732091652764
oakestra-agent-5fc9c56759-9wj9w,oakestra-system,1716830877.814,0.0019627732091652764
oakestra-agent-5fc9c56759-9wj9w,oakestra-system,1716830878.814,0.0019627732091652764
oakestra-agent-5fc9c56759-9wj9w,oakestra-system,1716830879.814,0.002183556030964785
oakestra-agent-5fc9c56759-9wj9w,oakestra-system,1716830880.814,0.002159846535496625
oakestra-agent-5fc9c56759-9wj9w,oakestra-system,1716830881.814,0.0021361370400284647
oakestra-agent-5fc9c56759-9wj9w,oakestra-system,1716830882.814,0.002112427544560304
oakestra-agent-5fc9c56759-9wj9w,oakestra-system,1716830883.814,0.002088718049092144
oakestra-agent-5fc9c56759-9wj9w,oakestra-system,1716830884.814,0.0020650085536239836
oakestra-agent-5fc9c56759-9wj9w,oakestra-system,1716830885.814,0.002257200804707908
oakestra-agent-5fc9c56759-9wj9w,oakestra-system,1716830886.814,0.002257200804707908
oakestra-agent-5fc9c56759-9wj9w,oakestra-system,1716830887.814,0.002257200804707908
oakestra-agent-5fc9c56759-9wj9w,oakestra-system,1716830888.814,0.002257200804707908
oakestra-agent-5fc9c56759-9wj9w,oakestra-system,1716830889.814,0.0019486655562402791
oakestra-agent-5fc9c56759-9wj9w,oakestra-system,1716830890.814,0.0019294971138653022
oakestra-agent-5fc9c56759-9wj9w,oakestra-system,1716830891.814,0.0019103286714903253
oakestra-agent-5fc9c56759-9wj9w,oakestra-system,1716830892.814,0.0018911602291153485
oakestra-agent-5fc9c56759-9wj9w,oakestra-system,1716830893.814,0.0018719917867403716
oakestra-agent-5fc9c56759-9wj9w,oakestra-system,1716830894.814,0.0018528233443653945
oakestra-agent-5fc9c56759-9wj9w,oakestra-system,1716830895.814,0.0011070942622092928
oakestra-agent-5fc9c56759-9wj9w,oakestra-system,1716830896.814,0.0011070942622092928
oakestra-agent-5fc9c56759-9wj9w,oakestra-system,1716830897.814,0.0009305977214115589
oakestra-agent-5fc9c56759-9wj9w,oakestra-system,1716830898.814,0.0020741083911997786
oakestra-agent-5fc9c56759-9wj9w,oakestra-system,1716830899.814,0.0020741083911997786
oakestra-agent-5fc9c56759-9wj9w,oakestra-system,1716830900.814,0.0020741083911997786
oakestra-agent-5fc9c56759-9wj9w,oakestra-system,1716830901.814,0.0020741083911997786
oakestra-agent-5fc9c56759-9wj9w,oakestra-system,1716830902.814,0.0020741083911997786
oakestra-agent-5fc9c56759-9wj9w,oakestra-system,1716830903.814,0.0020741083911997786
oakestra-agent-5fc9c56759-9wj9w,oakestra-system,1716830904.814,0.0020741083911997786
oakestra-agent-5fc9c56759-9wj9w,oakestra-system,1716830905.814,0.0020741083911997786
oakestra-agent-5fc9c56759-9wj9w,oakestra-system,1716830906.814,0.0020741083911997786
oakestra-agent-5fc9c56759-9wj9w,oakestra-system,1716830907.814,0.0020741083911997786
oakestra-agent-5fc9c56759-9wj9w,oakestra-system,1716830908.814,0.0020741083911997786
oakestra-agent-5fc9c56759-9wj9w,oakestra-system,1716830909.814,0.0020741083911997786
oakestra-agent-5fc9c56759-9wj9w,oakestra-system,1716830910.814,0.0020741083911997786
oakestra-agent-5fc9c56759-9wj9w,oakestra-system,1716830911.814,0.0020741083911997786
oakestra-agent-5fc9c56759-9wj9w,oakestra-system,1716830912.814,0.0020741083911997786
oakestra-agent-5fc9c56759-9wj9w,oakestra-system,1716830913.814,0.0020741083911997786
oakestra-agent-5fc9c56759-9wj9w,oakestra-system,1716830914.814,0.0020741083911997786
oakestra-agent-5fc9c56759-9wj9w,oakestra-system,1716830915.814,0.0024249563726529647
oakestra-agent-5fc9c56759-9wj9w,oakestra-system,1716830916.814,0.002408397624896553
oakestra-agent-5fc9c56759-9wj9w,oakestra-system,1716830917.814,0.002408397624896553
oakestra-agent-5fc9c56759-9wj9w,oakestra-system,1716830918.814,0.002408397624896553
oakestra-agent-5fc9c56759-9wj9w,oakestra-system,1716830919.814,0.002408397624896553
oakestra-agent-5fc9c56759-9wj9w,oakestra-system,1716830920.814,0.002408397624896553
oakestra-agent-5fc9c56759-9wj9w,oakestra-system,1716830921.814,0.0018757069910416706
oakestra-agent-5fc9c56759-9wj9w,oakestra-system,1716830922.814,0.001893921058997992
oakestra-agent-5fc9c56759-9wj9w,oakestra-system,1716830923.814,0.0019121351269543135
oakestra-agent-5fc9c56759-9wj9w,oakestra-system,1716830924.814,0.0019303491949106352
oakestra-agent-5fc9c56759-9wj9w,oakestra-system,1716830925.814,0.0019485632628669569
oakestra-agent-5fc9c56759-9wj9w,oakestra-system,1716830926.814,0.0019667773308232783
oakestra-agent-5fc9c56759-9wj9w,oakestra-system,1716830927.814,0.0019849913987796
oakestra-agent-5fc9c56759-9wj9w,oakestra-system,1716830928.814,0.0020032054667359217
oakestra-agent-5fc9c56759-9wj9w,oakestra-system,1716830929.814,0.002021419534692243
oakestra-agent-5fc9c56759-9wj9w,oakestra-system,1716830930.814,0.0020396336026485646
oakestra-agent-5fc9c56759-9wj9w,oakestra-system,1716830931.814,0.002057847670604886
oakestra-agent-5fc9c56759-9wj9w,oakestra-system,1716830932.814,0.002076061738561208
oakestra-agent-5fc9c56759-9wj9w,oakestra-system,1716830933.814,0.0020942758065175295
oakestra-agent-5fc9c56759-9wj9w,oakestra-system,1716830934.814,0.002112489874473851
oakestra-agent-5fc9c56759-9wj9w,oakestra-system,1716830935.814,0.0021307039424301724
oakestra-agent-5fc9c56759-9wj9w,oakestra-system,1716830936.814,0.0019386457028647396
oakestra-agent-5fc9c56759-9wj9w,oakestra-system,1716830937.814,0.0019386457028647396
oakestra-agent-5fc9c56759-9wj9w,oakestra-system,1716830938.814,0.0021275893368096414
oakestra-agent-5fc9c56759-9wj9w,oakestra-system,1716830939.814,0.00210937526885332
oakestra-agent-5fc9c56759-9wj9w,oakestra-system,1716830940.814,0.0020911612008969985
oakestra-agent-5fc9c56759-9wj9w,oakestra-system,1716830941.814,0.002072947132940677
oakestra-agent-5fc9c56759-9wj9w,oakestra-system,1716830942.814,0.002054733064984355
oakestra-agent-5fc9c56759-9wj9w,oakestra-system,1716830943.814,0.0020365189970280337
oakestra-agent-5fc9c56759-9wj9w,oakestra-system,1716830944.814,0.002018304929071712
oakestra-agent-5fc9c56759-9wj9w,oakestra-system,1716830945.814,0.0007186451582506457
oakestra-agent-5fc9c56759-9wj9w,oakestra-system,1716830946.814,0.000700431090294324
oakestra-agent-5fc9c56759-9wj9w,oakestra-system,1716830947.814,0.0006822170223380025
oakestra-agent-5fc9c56759-9wj9w,oakestra-system,1716830948.814,0.000664002954381681
oakestra-agent-5fc9c56759-9wj9w,oakestra-system,1716830949.814,0.0006457888864253593
oakestra-agent-5fc9c56759-9wj9w,oakestra-system,1716830950.814,0.0006275748184690379
oakestra-agent-5fc9c56759-9wj9w,oakestra-system,1716830951.814,0.0006093607505127162
oakestra-agent-5fc9c56759-9wj9w,oakestra-system,1716830952.814,0.0005911466825563946
oakestra-agent-5fc9c56759-9wj9w,oakestra-system,1716830953.814,0.00113481119874679
oakestra-agent-5fc9c56759-9wj9w,oakestra-system,1716830954.814,0.00113481119874679
oakestra-agent-5fc9c56759-9wj9w,oakestra-system,1716830955.814,0.00113481119874679
oakestra-agent-5fc9c56759-9wj9w,oakestra-system,1716830956.814,0.00113481119874679
oakestra-agent-5fc9c56759-9wj9w,oakestra-system,1716830957.814,0.00113481119874679
oakestra-agent-5fc9c56759-9wj9w,oakestra-system,1716830958.814,0.002287204025584318
oakestra-agent-5fc9c56759-9wj9w,oakestra-system,1716830959.814,0.002287204025584318
oakestra-agent-5fc9c56759-9wj9w,oakestra-system,1716830960.814,0.0022872040255843182
oakestra-agent-5fc9c56759-9wj9w,oakestra-system,1716830961.814,0.0022872040255843182
oakestra-agent-5fc9c56759-9wj9w,oakestra-system,1716830962.814,0.0022872040255843182
oakestra-agent-5fc9c56759-9wj9w,oakestra-system,1716830963.814,0.0022872040255843182
oakestra-agent-5fc9c56759-9wj9w,oakestra-system,1716830964.814,0.0022872040255843182
oakestra-agent-5fc9c56759-9wj9w,oakestra-system,1716830965.814,0.0022872040255843182
oakestra-agent-5fc9c56759-9wj9w,oakestra-system,1716830966.814,0.0022872040255843182
oakestra-agent-5fc9c56759-9wj9w,oakestra-system,1716830967.814,0.002287204025584318
oakestra-agent-5fc9c56759-9wj9w,oakestra-system,1716830968.814,0.002287204025584318
oakestra-agent-5fc9c56759-9wj9w,oakestra-system,1716830969.814,0.002287204025584318
oakestra-agent-5fc9c56759-9wj9w,oakestra-system,1716830970.814,0.002287204025584318
oakestra-agent-5fc9c56759-9wj9w,oakestra-system,1716830971.814,0.002287204025584318
oakestra-agent-5fc9c56759-9wj9w,oakestra-system,1716830972.814,0.002287204025584318
oakestra-agent-5fc9c56759-9wj9w,oakestra-system,1716830973.814,0.002287204025584318
oakestra-agent-5fc9c56759-9wj9w,oakestra-system,1716830974.814,0.002287204025584318
oakestra-agent-5fc9c56759-9wj9w,oakestra-system,1716830975.814,0.001155352976287378
oakestra-agent-5fc9c56759-9wj9w,oakestra-system,1716830976.814,0.0010760546239419343
oakestra-agent-5fc9c56759-9wj9w,oakestra-system,1716830977.814,0.001114502310371302
oakestra-agent-5fc9c56759-9wj9w,oakestra-system,1716830978.814,0.0011529499968006701
oakestra-agent-5fc9c56759-9wj9w,oakestra-system,1716830979.814,0.001191397683230038
oakestra-agent-5fc9c56759-9wj9w,oakestra-system,1716830980.814,0.001229845369659406
oakestra-agent-5fc9c56759-9wj9w,oakestra-system,1716830981.814,0.0012682930560887736
oakestra-agent-5fc9c56759-9wj9w,oakestra-system,1716830982.814,0.0013067407425181416
oakestra-agent-5fc9c56759-9wj9w,oakestra-system,1716830983.814,0.0013451884289475097
oakestra-agent-5fc9c56759-9wj9w,oakestra-system,1716830984.814,0.0013836361153768773
oakestra-agent-5fc9c56759-9wj9w,oakestra-system,1716830985.814,0.0014220838018062453
oakestra-agent-5fc9c56759-9wj9w,oakestra-system,1716830986.814,0.0032593313575283106
oakestra-agent-5fc9c56759-9wj9w,oakestra-system,1716830987.814,0.0032977790439576785
oakestra-agent-5fc9c56759-9wj9w,oakestra-system,1716830988.814,0.0033362267303870467
oakestra-agent-5fc9c56759-9wj9w,oakestra-system,1716830989.814,0.0033746744168164145
oakestra-agent-5fc9c56759-9wj9w,oakestra-system,1716830990.814,0.003413122103245783
oakestra-agent-5fc9c56759-9wj9w,oakestra-system,1716830991.814,0.00345156978967515
oakestra-agent-5fc9c56759-9wj9w,oakestra-system,1716830992.814,0.0034900174761045184
oakestra-agent-5fc9c56759-9wj9w,oakestra-system,1716830993.814,0.0035284651625338862
